Final Kernel (Labels 0 v.s. 1): 1.000*gaussian{0.098} 
Final Kernel (Labels 0 v.s. 2): 1.000*gaussian{0.093} 
Final Kernel (Labels 0 v.s. 3): 1.000*gaussian{0.110} 
Final Kernel (Labels 0 v.s. 4): 1.000*gaussian{0.114} 
Final Kernel (Labels 1 v.s. 2): 1.000*gaussian{0.103} 
Final Kernel (Labels 1 v.s. 3): 1.000*gaussian{0.099} 
Final Kernel (Labels 1 v.s. 4): 1.000*gaussian{0.104} 
Final Kernel (Labels 2 v.s. 3): 1.000*gaussian{0.101} 
Final Kernel (Labels 2 v.s. 4): 1.000*gaussian{0.114} 
Final Kernel (Labels 3 v.s. 4): 1.000*gaussian{0.095} 

===Prediction Results===
---Prediction Features---
[[-1.74868187 -0.22724958]
 [-1.74808014 -0.49831551]
 [-1.74258717  0.99227809]
 [-1.73478958  0.865638  ]
 [-1.72540764  0.83341756]
 [-1.71599109 -0.07683452]
 [-1.71554373  0.74088292]
 [-1.70726985 -1.47453156]
 [-1.70681767 -0.1956233 ]
 [-1.70486852  1.20600023]
 [-1.70320445 -1.10389404]
 [-1.68781554 -1.27734003]
 [-1.68757048 -0.11446965]
 [-1.6806352  -0.8876131 ]
 [-1.67895253  0.01618226]
 [-1.67442321 -1.67563573]
 [-1.67114447  1.12369984]
 [-1.66073094  0.95287529]
 [-1.63678508  1.40027847]
 [-1.62867629 -1.5377324 ]
 [-1.62260221  0.15436073]
 [-1.613952    0.96979749]
 [-1.60315751  0.54962709]
 [-1.59995953  0.35809878]
 [-1.59776277  0.47594992]
 [-1.59347086  0.35262564]
 [-1.5904303   1.22596172]
 [-1.58141802 -0.28256424]
 [-1.54962252  1.02792641]
 [-1.53456141  0.06071673]
 [-1.5311658  -1.26868558]
 [-1.51562033  1.50824011]
 [-1.50951381 -1.32328293]
 [-1.50825936 -1.06782156]
 [-1.50665035 -0.66298234]
 [-1.50311872 -0.58547593]
 [-1.49260029 -0.91579883]
 [-1.47016022  0.68498692]
 [-1.46599163 -0.22462625]
 [-1.45646779  0.75187374]
 [-1.4557724   0.8623767 ]
 [-1.44217838  1.30623398]
 [-1.42958342  0.32848489]
 [-1.42377106 -0.94370068]
 [-1.42183279 -1.56770734]
 [-1.39833183 -0.6817293 ]
 [-1.38936807  0.95916789]
 [-1.38687376 -1.15449526]
 [-1.38628621 -1.42777351]
 [-1.38624388  0.78859906]
 [-1.38556322  1.00630674]
 [-1.38264247 -1.0157534 ]
 [-1.38045242 -0.45933798]
 [-1.36742756  0.19025379]
 [-1.36085794 -1.62062308]
 [-1.35344312 -0.93155811]
 [-1.34400545 -1.58746735]
 [-1.33697615 -1.18949458]
 [-1.32180391  0.55772036]
 [-1.32064238  0.81793926]
 [-1.30591287 -0.98703361]
 [-1.28558556 -0.77987515]
 [-1.28488427  1.73915911]
 [-1.27810452  0.06814351]
 [-1.27271158 -1.47714372]
 [-1.22632068  1.65395281]
 [-1.22182377 -0.97647784]
 [-1.21676897  0.18206836]
 [-1.19530537  0.84497404]
 [-1.18448383 -1.43017577]
 [-1.18325362  0.15357672]
 [-1.18292198 -0.35917821]
 [-1.17698643 -0.61457172]
 [-1.15083805  0.26495536]
 [-1.1405168  -1.24319661]
 [-1.1308633   1.44545722]
 [-1.11086806 -0.70414581]
 [-1.09581597  1.16949463]
 [-1.09043399  0.9860209 ]
 [-1.08996085  0.83732613]
 [-1.08946015 -1.51330863]
 [-1.08327004  0.26485031]
 [-1.08155118 -0.38458275]
 [-1.08035962  0.78782969]
 [-1.07065125  1.72119003]
 [-1.05939298 -1.44026477]
 [-1.05091538  1.05303624]
 [-1.04434881 -0.36171013]
 [-1.03569111 -0.20461059]
 [-1.03423083  1.276895  ]
 [-1.02430976  0.60377638]
 [-1.02070171 -0.56158762]
 [-1.01263104 -0.6010452 ]
 [-1.00741081  1.54564219]
 [-0.99711475 -1.42567303]
 [-0.99093341 -0.83871817]
 [-0.99023631  0.66554096]
 [-0.98317514 -1.37274154]
 [-0.97919372 -1.42191628]
 [-0.97510267 -0.35714227]
 [-0.96232333 -0.51567124]
 [-0.95461218  0.59053187]
 [-0.92140144 -0.47045563]
 [-0.91862219 -0.48919707]
 [-0.90879958  0.13006503]
 [-0.89703676  1.59222449]
 [-0.89637941  0.06598667]
 [-0.89443641 -0.00290386]
 [-0.89196697  0.92875369]
 [-0.88082105  1.15114627]
 [-0.86765434 -1.56491134]
 [-0.86481946 -0.29024949]
 [-0.84653235  0.94536199]
 [-0.84573244 -0.72266699]
 [-0.84522986  1.04141027]
 [-0.84228689 -0.18342706]
 [-0.83636667 -0.61214191]
 [-0.82841482  0.18850826]
 [-0.79819616 -1.33894076]
 [-0.79796507  1.58930944]
 [-0.77921616 -1.52594071]
 [-0.77072337  0.48162058]
 [-0.76112089  1.67679399]
 [-0.74786111 -0.77795591]
 [-0.74042203 -0.29285735]
 [-0.7213197  -1.60194485]
 [-0.71929804 -0.10193587]
 [-0.71883049  0.59894398]
 [-0.71465247  1.31637933]
 [-0.71349824  1.27061111]
 [-0.66572268 -0.46985028]
 [-0.6603516  -1.18501829]
 [-0.65771707  1.71661944]
 [-0.65624934  1.50569673]
 [-0.64588075 -0.0368027 ]
 [-0.64395555  0.54279001]
 [-0.62938188  0.51499648]
 [-0.62633539 -1.15656497]
 [-0.622545   -1.17909231]
 [-0.62106429 -1.60790827]
 [-0.61847732  1.67275641]
 [-0.61690896  1.4078881 ]
 [-0.60862224 -1.03549443]
 [-0.60567065 -0.88039584]
 [-0.60439939 -1.59796423]
 [-0.59691549 -1.49987745]
 [-0.58056903  0.71280782]
 [-0.57863606 -1.46490767]
 [-0.57032758 -0.81853752]
 [-0.56979286 -0.52854873]
 [-0.56961177  1.02342036]
 [-0.55524035  1.30273505]
 [-0.5516833   0.04340943]
 [-0.54745529  1.5538844 ]
 [-0.54578909 -0.78791931]
 [-0.52449395 -0.55926443]
 [-0.51523852  0.43860434]
 [-0.51372747 -0.19742812]
 [-0.50833562  0.88558476]
 [-0.49713511  0.00740273]
 [-0.49579748 -1.47375437]
 [-0.49483448  0.39250254]
 [-0.49363143  0.97985083]
 [-0.48314924  0.2065791 ]
 [-0.47919977 -0.70687453]
 [-0.47887889  0.74062953]
 [-0.47622978 -1.64303596]
 [-0.46007302 -1.12318224]
 [-0.4587462   1.07424493]
 [-0.45652561 -1.07922784]
 [-0.43567231  0.44582952]
 [-0.4301438   1.00805064]
 [-0.42949793 -0.94408008]
 [-0.42853792  1.10182255]
 [-0.40812718  0.7253234 ]
 [-0.40380933  0.70219831]
 [-0.4005677  -1.42153211]
 [-0.39173162  0.70208787]
 [-0.38718262 -1.00229722]
 [-0.36144174 -1.46427119]
 [-0.36071155 -0.70202117]
 [-0.35573897  0.30931754]
 [-0.34665062  0.01772529]
 [-0.32212839  1.45247527]
 [-0.31243015  0.30835349]
 [-0.30984148  0.73031771]
 [-0.30851899  0.88119703]
 [-0.30538279 -1.13564412]
 [-0.30419491 -1.37083161]
 [-0.30335918 -0.14724291]
 [-0.30151154 -1.09164492]
 [-0.28819106  1.10340078]
 [-0.28123072  1.71023392]
 [-0.27838264  1.42928563]
 [-0.27287845  0.60646836]
 [-0.27053562 -1.64655585]
 [-0.26550169  1.53942702]
 [-0.25182176  0.76486005]
 [-0.24686518 -1.26373999]
 [-0.22303344 -0.36638369]
 [-0.22092781 -1.44933782]
 [-0.21504814 -1.62663424]
 [-0.20573195  1.28619516]
 [-0.20302959 -0.20516135]
 [-0.19807353  0.05527325]
 [-0.19655915  1.37156554]
 [-0.19229734 -1.12772632]
 [-0.19109133 -0.14593809]
 [-0.18250651 -0.69164973]
 [-0.18070875 -0.01015524]
 [-0.17482211  1.36033298]
 [-0.16157594  1.56147406]
 [-0.11919277 -1.38116316]
 [-0.11819715 -0.80452335]
 [-0.11675377 -1.39889757]
 [-0.10308676  0.32977563]
 [-0.0916694  -1.21633221]
 [-0.08560422  0.27934814]
 [-0.08307234 -1.13512641]
 [-0.08088566  0.55768048]
 [-0.06045686  0.5871979 ]
 [-0.06012727  1.44165166]
 [-0.05937265 -0.81685947]
 [-0.05917612  1.68710473]
 [-0.05448566  1.04980147]
 [-0.04964418  1.02577343]
 [-0.04728855 -0.33187629]
 [-0.02621408 -1.44538563]
 [-0.00857077  0.9079192 ]
 [-0.00529387  1.02371818]
 [-0.00522585 -1.71142732]
 [-0.00419273 -0.62196681]
 [-0.00239333 -1.74211666]
 [ 0.00398382  0.82325638]
 [ 0.00752373 -0.5489403 ]
 [ 0.01253752 -0.31164933]
 [ 0.01766525  0.28482629]
 [ 0.01995805  1.36893874]
 [ 0.02268652 -1.53118223]
 [ 0.03226667 -0.37399658]
 [ 0.03507593  0.90723766]
 [ 0.03850558 -1.59129801]
 [ 0.0396806  -1.06996967]
 [ 0.04242277 -0.70663091]
 [ 0.05606424  0.57643625]
 [ 0.06613372 -1.45715612]
 [ 0.06671675 -0.12510729]
 [ 0.07139146  1.55442056]
 [ 0.0718429   0.65143702]
 [ 0.07440308  1.47998931]
 [ 0.07559379 -1.36681295]
 [ 0.11186913  1.39909612]
 [ 0.11337662  0.47239283]
 [ 0.1141105  -1.67605569]
 [ 0.11486638 -1.29805657]
 [ 0.13102505 -1.16809576]
 [ 0.15486748 -1.20579442]
 [ 0.15759248  0.29573669]
 [ 0.16589283  1.69811511]
 [ 0.17013762 -1.07192324]
 [ 0.17885646  0.03781518]
 [ 0.18597604 -1.47070812]
 [ 0.20751356  0.39068422]
 [ 0.22160399 -0.74689783]
 [ 0.22433386  1.09063564]
 [ 0.2303816   1.26061187]
 [ 0.23292511 -0.77125172]
 [ 0.23556096 -0.78286046]
 [ 0.23556369  1.00142273]
 [ 0.24712168  0.16798818]
 [ 0.24901154 -1.12329444]
 [ 0.25557134  0.02614206]
 [ 0.25745105  0.93365582]
 [ 0.2638177  -1.60157244]
 [ 0.26808114  0.13740003]
 [ 0.27665675 -1.27905879]
 [ 0.28130936 -0.17317127]
 [ 0.2927151   1.45881581]
 [ 0.29931027  1.05833391]
 [ 0.31221656 -0.26320195]
 [ 0.31228254  0.10411982]
 [ 0.32507456 -0.10180978]
 [ 0.3481677  -0.19121091]
 [ 0.36854951  0.70380936]
 [ 0.36855723  0.18142228]
 [ 0.37000693  1.50943955]
 [ 0.37186411  0.50503391]
 [ 0.37758619 -1.00254922]
 [ 0.3838984   1.16604716]
 [ 0.38420828 -0.58375546]
 [ 0.40516894  1.28681136]
 [ 0.41797955  1.0531708 ]
 [ 0.41850156  0.85506586]
 [ 0.41864244 -1.24731056]
 [ 0.42162858 -1.0023783 ]
 [ 0.44120145 -1.16030076]
 [ 0.44235116  0.01177724]
 [ 0.45856812 -0.58979364]
 [ 0.47151985 -0.09402645]
 [ 0.48645277  0.85154608]
 [ 0.49791723 -1.58572905]
 [ 0.49890383 -0.43424579]
 [ 0.50175168 -1.22459113]
 [ 0.50219244 -1.42255696]
 [ 0.51411396  0.71298005]
 [ 0.5229883   0.63232829]
 [ 0.5308736   0.79702187]
 [ 0.53799882 -1.69220452]
 [ 0.54295543 -1.53603324]
 [ 0.54546176 -1.42719956]
 [ 0.54872865  0.90883698]
 [ 0.5508002  -0.95416251]
 [ 0.55334073  1.53617302]
 [ 0.55823606 -1.65621265]
 [ 0.58286887  1.29141957]
 [ 0.58717392  0.32804217]
 [ 0.59699138  1.43429785]
 [ 0.60548905  1.27654532]
 [ 0.60846191  1.60456712]
 [ 0.61194766 -0.58587055]
 [ 0.61270742 -0.99271029]
 [ 0.61586967 -0.59487486]
 [ 0.62772058  1.17650225]
 [ 0.62825257  0.20333431]
 [ 0.6312034  -0.38850613]
 [ 0.63157987  0.389403  ]
 [ 0.63899376  0.47236938]
 [ 0.64501926 -0.82903891]
 [ 0.6577726  -1.17772222]
 [ 0.66110454 -0.79722478]
 [ 0.68730872 -0.83384909]
 [ 0.69176328 -1.57344348]
 [ 0.69368038  0.49232496]
 [ 0.6949327   0.41573874]
 [ 0.70003263  0.57554173]
 [ 0.70383039 -1.25299232]
 [ 0.70782172 -0.23066693]
 [ 0.71572733 -1.45920593]
 [ 0.71915296 -0.49019053]
 [ 0.71941821 -0.49350426]
 [ 0.72238715 -0.85027642]
 [ 0.72806481 -0.71811693]
 [ 0.73483318 -0.47106299]
 [ 0.7424585  -0.03904585]
 [ 0.74433363  0.31759616]
 [ 0.75235731  0.2008307 ]
 [ 0.75627195 -1.69294103]
 [ 0.76272856  1.0968724 ]
 [ 0.76778314 -0.28729216]
 [ 0.77534062 -0.03357319]
 [ 0.79927819 -0.31506342]
 [ 0.80007945 -1.05645858]
 [ 0.80016189 -1.73741039]
 [ 0.80255165 -0.23348584]
 [ 0.80448838  1.72725411]
 [ 0.81620734  1.50631351]
 [ 0.82547244 -1.21090221]
 [ 0.8351906  -0.16864492]
 [ 0.83725684 -1.2399861 ]
 [ 0.84937815 -1.6710256 ]
 [ 0.85580042  0.05422062]
 [ 0.86108077 -0.92174783]
 [ 0.86567199  1.22239675]
 [ 0.87384965  1.61488169]
 [ 0.87475218  0.68891134]
 [ 0.874775   -1.40820576]
 [ 0.87772679 -1.28092544]
 [ 0.8892135  -0.75527289]
 [ 0.89280724  0.30117   ]
 [ 0.89472486 -1.6869522 ]
 [ 0.89568799  0.90171449]
 [ 0.90568035  0.77368064]
 [ 0.90705012 -0.70269285]
 [ 0.90897852  0.57040078]
 [ 0.91999366 -0.56592368]
 [ 0.92111678 -0.27278628]
 [ 0.9257357   1.25168201]
 [ 0.92617034  1.08326883]
 [ 0.94547756  1.47776746]
 [ 0.95663777  0.30724024]
 [ 0.96689415  0.66023132]
 [ 0.96890949 -1.33899823]
 [ 0.97437115  1.27513923]
 [ 0.977044   -0.46249416]
 [ 0.98774888 -0.17924075]
 [ 0.98785184 -0.13709384]
 [ 0.99942781  1.09936738]
 [ 0.99950962 -1.03742745]
 [ 1.00625804 -0.55845629]
 [ 1.00666945  0.77732655]
 [ 1.03983614 -0.58289256]
 [ 1.06680722  1.70822672]
 [ 1.07288706 -1.45343782]
 [ 1.0862781   0.27816724]
 [ 1.08721186  0.81292425]
 [ 1.08776591  1.24567693]
 [ 1.09476762 -0.5502201 ]
 [ 1.09568733 -0.31449722]
 [ 1.10389454  1.10890383]
 [ 1.11213967  1.32211916]
 [ 1.12094456  0.15287986]
 [ 1.12376293  0.53236298]
 [ 1.13366678  0.00758323]
 [ 1.13479423  0.87891212]
 [ 1.13689661 -1.71505475]
 [ 1.13699809  0.36925915]
 [ 1.14821279  1.25385883]
 [ 1.14996651  0.96365688]
 [ 1.16815125 -1.19807321]
 [ 1.17189598  0.19733855]
 [ 1.1808684  -0.98951012]
 [ 1.18677494 -1.58488216]
 [ 1.18950311 -0.47297204]
 [ 1.1939213  -0.96898671]
 [ 1.19570817 -1.28456995]
 [ 1.20722983  0.77571194]
 [ 1.20859306 -0.98323211]
 [ 1.21409889 -1.28118108]
 [ 1.21715554 -0.78113197]
 [ 1.22249949 -0.59464695]
 [ 1.24388045 -1.65640209]
 [ 1.24697967 -1.6679191 ]
 [ 1.25563314 -0.6709233 ]
 [ 1.25765102  0.18337824]
 [ 1.25820559  0.8307883 ]
 [ 1.26453393  1.41667295]
 [ 1.26909806  1.01464985]
 [ 1.27345618  0.85257914]
 [ 1.27707732  1.19655662]
 [ 1.28635627 -0.23638542]
 [ 1.29012606  0.27011554]
 [ 1.29500739 -1.29288108]
 [ 1.3071039   0.78613986]
 [ 1.32712996 -0.10759501]
 [ 1.32951931  0.1686767 ]
 [ 1.33435603  0.8092566 ]
 [ 1.33621293 -1.31748086]
 [ 1.34449475 -0.54009498]
 [ 1.34763691  0.36767994]
 [ 1.35808566  0.41968304]
 [ 1.36048558  1.36833697]
 [ 1.36083257 -1.62248241]
 [ 1.37302902  0.53590147]
 [ 1.38206822  0.37763391]
 [ 1.38849838  0.09619863]
 [ 1.39658095 -0.04815709]
 [ 1.40142363  1.42139875]
 [ 1.41726229 -1.14784332]
 [ 1.42587441 -0.32310803]
 [ 1.42601571 -0.96297009]
 [ 1.43992201 -0.43584588]
 [ 1.45731172  1.17616276]
 [ 1.46205232 -1.24036497]
 [ 1.46305187  1.30327816]
 [ 1.47378004  0.82315927]
 [ 1.47484427 -1.64466579]
 [ 1.47783213  1.11688366]
 [ 1.47990265 -0.22741874]
 [ 1.49246259  0.14125379]
 [ 1.49911483  1.41404808]
 [ 1.50651492  0.49566157]
 [ 1.50881818  0.3801346 ]
 [ 1.51442906 -0.77934233]
 [ 1.5149034  -1.51845861]
 [ 1.51918964  1.28945318]
 [ 1.5284129   0.55423705]
 [ 1.53073164 -0.36471781]
 [ 1.54398294 -0.19051355]
 [ 1.5442692   1.20814091]
 [ 1.54704888 -0.84283564]
 [ 1.54829225  0.17200537]
 [ 1.55271126  0.12934819]
 [ 1.55378649 -0.65113562]
 [ 1.58718197 -0.14933262]
 [ 1.59142214 -0.28253229]
 [ 1.59717702 -1.66550554]
 [ 1.60014984  0.07358517]
 [ 1.60109623  0.51969241]
 [ 1.60333482  1.44041183]
 [ 1.60920143 -0.88816817]
 [ 1.61050727  0.97252707]
 [ 1.61296307 -0.88061208]
 [ 1.61947406 -1.42369535]
 [ 1.62512729  0.04377372]
 [ 1.63914983  1.54019177]
 [ 1.64422968  1.613692  ]
 [ 1.64449083 -1.73025524]
 [ 1.64795924  0.91335449]
 [ 1.64927893  1.22691673]
 [ 1.65119793  1.03108642]
 [ 1.66980481 -0.29574529]
 [ 1.69831307 -0.4083054 ]
 [ 1.71234778  1.50107447]
 [ 1.71444918 -1.74679108]
 [ 1.71731601 -1.17697681]
 [ 1.724512   -1.57413487]
 [ 1.73674765  0.49381826]
 [ 1.7445719  -0.74881602]
 [ 1.74709397  1.6981819 ]
 [ 1.74751522  0.07908234]
 [ 1.5         1.5       ]
 [ 0.925       0.485     ]]
---Predicted Probabilities---
[[ 0.14508919  0.42505054  0.14292142  0.14435421  0.14258464]
 [ 0.15748799  0.37600571  0.15496139  0.1568643   0.15468061]
 [ 0.16401061  0.35121715  0.16070193  0.16357009  0.16050022]
 [ 0.18989873  0.24632313  0.18719816  0.18955633  0.18702365]
 [ 0.18784612  0.25473571  0.18505386  0.18748988  0.18487443]
 [ 0.14154908  0.45145548  0.13525693  0.13778819  0.13395032]
 [ 0.16204316  0.35707226  0.15965215  0.16173072  0.15950172]
 [ 0.09986492  0.60714789  0.09685517  0.09945638  0.09667564]
 [ 0.13590583  0.4648709   0.13280683  0.13429151  0.13212493]
 [ 0.09087516  0.64097024  0.08883727  0.0906051   0.08871223]
 [ 0.03900726  0.84671939  0.03775687  0.03883058  0.0376859 ]
 [ 0.12418391  0.51427745  0.11916459  0.12351523  0.11885882]
 [ 0.13475747  0.47850871  0.12873923  0.13069836  0.12729622]
 [ 0.07025205  0.72480471  0.06759943  0.0699082   0.0674356 ]
 [ 0.15047241  0.46494987  0.12972753  0.12923117  0.12561901]
 [ 0.14090164  0.44536878  0.1368128   0.14034829  0.13656849]
 [ 0.07596136  0.70001547  0.0742036   0.07571896  0.07410061]
 [ 0.15153768  0.40217656  0.14774405  0.15102928  0.14751243]
 [ 0.07749916  0.69634636  0.07460863  0.07711227  0.07443359]
 [ 0.0568065   0.7769591   0.05490178  0.05654052  0.05479209]
 [ 0.23764754  0.33432889  0.14793813  0.14242376  0.13766168]
 [ 0.12777324  0.49673348  0.12421043  0.1272892   0.12399365]
 [ 0.08777246  0.66054743  0.08248836  0.08705445  0.0821373 ]
 [ 0.08686839  0.67448952  0.07976051  0.08063583  0.07824576]
 [ 0.06859544  0.73453103  0.06468943  0.06785548  0.06432862]
 [ 0.08998749  0.66672984  0.08146146  0.08214823  0.07967298]
 [ 0.08579331  0.66855584  0.08045076  0.085066    0.08013409]
 [ 0.17960411  0.40239473  0.14109946  0.14080995  0.13609175]
 [ 0.09817628  0.61465523  0.0948248   0.09772689  0.0946168 ]
 [ 0.50270225  0.20905521  0.10315291  0.09432618  0.09076346]
 [ 0.16635776  0.34790035  0.16027732  0.16556913  0.15989545]
 [ 0.05033232  0.80312891  0.04830362  0.05004775  0.0481874 ]
 [ 0.14218315  0.4438417   0.13645103  0.14142577  0.13609834]
 [ 0.16280346  0.36099089  0.15723742  0.16208073  0.1568875 ]
 [ 0.13748047  0.54466493  0.1075437   0.10712148  0.10318943]
 [ 0.22632416  0.35009262  0.1452529   0.14204872  0.1362816 ]
 [ 0.13077772  0.49234623  0.12378008  0.12984164  0.12325432]
 [ 0.07773161  0.70060533  0.07326726  0.07582148  0.07257432]
 [ 0.30279927  0.27360492  0.14918047  0.13980108  0.13461426]
 [ 0.07461593  0.71139051  0.07089448  0.07283686  0.07026222]
 [ 0.08984102  0.65055037  0.08563791  0.08880396  0.08516674]
 [ 0.05624546  0.78216792  0.05298943  0.05579989  0.05279731]
 [ 0.2509992   0.39367658  0.12530575  0.11778792  0.11223055]
 [ 0.13387841  0.47772331  0.12790292  0.13306411  0.12743125]
 [ 0.12010666  0.53339797  0.11380878  0.11925326  0.11343333]
 [ 0.17365512  0.58998214  0.0815897   0.07922721  0.07554584]
 [ 0.09304469  0.64042932  0.08760931  0.09186781  0.08704887]
 [ 0.19240617  0.23613182  0.1897791   0.19208067  0.18960223]
 [ 0.07066153  0.72374363  0.0677523   0.0702604   0.06758214]
 [ 0.06547272  0.75996369  0.05806563  0.059673    0.05682496]
 [ 0.10679403  0.58720716  0.10037902  0.1057546   0.09986519]
 [ 0.15971832  0.37017461  0.1555974   0.15919224  0.15531744]
 [ 0.61553269  0.12990398  0.09372419  0.08200608  0.07883306]
 [ 0.7740793   0.063012    0.06335773  0.05096625  0.04858472]
 [ 0.1644308   0.3543869   0.1589089   0.16370702  0.15856637]
 [ 0.10248325  0.59959942  0.09830479  0.10175713  0.09785541]
 [ 0.14867808  0.41757986  0.14307465  0.14793666  0.14273075]
 [ 0.19017816  0.24580178  0.18720578  0.18980412  0.18701016]
 [ 0.19083172  0.51481628  0.1023353   0.09829553  0.09372116]
 [ 0.06796541  0.77530221  0.05259107  0.05346574  0.05067557]
 [ 0.12522409  0.50489882  0.12262247  0.12487331  0.12238131]
 [ 0.08603327  0.73134904  0.06249181  0.06125216  0.05887373]
 [ 0.16284059  0.35617856  0.15940378  0.16238322  0.15919384]
 [ 0.69030512  0.06494354  0.13412915  0.05738946  0.05323273]
 [ 0.07206631  0.71655269  0.06987093  0.07177198  0.06973809]
 [ 0.08939217  0.64747079  0.08709481  0.08908901  0.08695323]
 [ 0.13501379  0.46767148  0.13177088  0.13419271  0.13135114]
 [ 0.71753222  0.06891881  0.09032562  0.06339668  0.05982667]
 [ 0.13394343  0.68640066  0.06193408  0.06007463  0.05764719]
 [ 0.07670594  0.70117679  0.07306387  0.07620081  0.07285258]
 [ 0.61012244  0.08899315  0.1420942   0.0822377   0.07655252]
 [ 0.74357506  0.06278634  0.08487789  0.05600263  0.05275808]
 [ 0.71358038  0.08937141  0.07364282  0.06296605  0.06043934]
 [ 0.62821396  0.08890535  0.12238183  0.08218938  0.07830949]
 [ 0.15163162  0.40637165  0.145753    0.15084983  0.1453939 ]
 [ 0.13125675  0.49046126  0.12419714  0.13032004  0.12376481]
 [ 0.51115833  0.16250206  0.11649398  0.10657937  0.10326626]
 [ 0.13530453  0.47031351  0.13053533  0.13392754  0.1299191 ]
 [ 0.16319917  0.50978034  0.1109738   0.11102384  0.10502284]
 [ 0.40212336  0.33478196  0.09257272  0.08722721  0.08329475]
 [ 0.09497747  0.62800923  0.09137147  0.09448231  0.09115951]
 [ 0.50019423  0.10501997  0.20640116  0.09655691  0.09182773]
 [ 0.73334035  0.06446327  0.0883005   0.05868919  0.0552067 ]
 [ 0.52880826  0.21518685  0.09238087  0.08370261  0.07992141]
 [ 0.11349535  0.55664158  0.10865747  0.11283332  0.10837229]
 [ 0.07414132  0.70866996  0.07175525  0.07382369  0.07160978]
 [ 0.13327994  0.53783927  0.11026674  0.11230548  0.10630857]
 [ 0.65180186  0.07780389  0.1319903   0.0716167   0.06678724]
 [ 0.28766867  0.11044353  0.40141292  0.10640635  0.09406853]
 [ 0.12943756  0.49120599  0.12538854  0.12886676  0.12510115]
 [ 0.68862902  0.08420878  0.08857933  0.0709303   0.06765256]
 [ 0.67796294  0.08407721  0.08927163  0.07562672  0.0730615 ]
 [ 0.65743911  0.08932617  0.09229556  0.08157293  0.07936623]
 [ 0.02560871  0.89991857  0.02453733  0.02546041  0.02447497]
 [ 0.08900357  0.65110444  0.08575943  0.08857056  0.08556201]
 [ 0.26145599  0.25770779  0.16692168  0.15893169  0.15498285]
 [ 0.67582749  0.08961813  0.09235968  0.072938    0.06925669]
 [ 0.09081505  0.64515387  0.08698243  0.09029551  0.08675314]
 [ 0.09749868  0.61865061  0.09355941  0.09697008  0.09332122]
 [ 0.48897182  0.09704372  0.24287396  0.08865445  0.08245605]
 [ 0.5447598   0.1168466   0.13373888  0.10469731  0.09995741]
 [ 0.69737004  0.08119436  0.08646196  0.06911236  0.06586127]
 [ 0.48742615  0.12486233  0.16867263  0.11256703  0.10647186]
 [ 0.47799449  0.1302571   0.1633187   0.11721121  0.11121851]
 [ 0.26106519  0.11367319  0.42299119  0.10573169  0.09653875]
 [ 0.06274668  0.75894407  0.05822585  0.06211941  0.05796399]
 [ 0.21462154  0.10510494  0.49120971  0.09936288  0.08970093]
 [ 0.16593689  0.09468503  0.56835279  0.09040293  0.08062237]
 [ 0.41412972  0.41860501  0.05985717  0.05494626  0.05246184]
 [ 0.08648952  0.67637031  0.07842026  0.08189247  0.07682744]
 [ 0.13836019  0.45920129  0.13259859  0.1375916   0.13224832]
 [ 0.34963757  0.0705185   0.45480498  0.06459725  0.0604417 ]
 [ 0.37697793  0.45687991  0.05888081  0.05481421  0.05244714]
 [ 0.49972649  0.13222365  0.13286783  0.11907613  0.11610591]
 [ 0.08533749  0.77874897  0.04693855  0.04545396  0.04352102]
 [ 0.25892302  0.05490362  0.58702891  0.05164671  0.04749774]
 [ 0.40354167  0.15622677  0.16383349  0.14063691  0.13576115]
 [ 0.61073603  0.07853752  0.17662625  0.07001829  0.06408191]
 [ 0.12348915  0.51684712  0.11856418  0.12283828  0.11826126]
 [ 0.093401    0.64011095  0.08715399  0.09254985  0.08678421]
 [ 0.10054404  0.60802249  0.09589741  0.09991768  0.09561838]
 [ 0.80400692  0.05211037  0.05560563  0.04507677  0.04320031]
 [ 0.12348823  0.51439944  0.11968037  0.12298689  0.11944507]
 [ 0.65834817  0.08982243  0.08785716  0.08266844  0.08130379]
 [ 0.66629771  0.06502674  0.15445732  0.05943983  0.05477839]
 [ 0.06953163  0.72846111  0.06653267  0.06911621  0.06635838]
 [ 0.55453025  0.05928405  0.28288919  0.05422453  0.04907198]
 [ 0.64115319  0.0957654   0.10195704  0.08232078  0.07880358]
 [ 0.03803524  0.85287894  0.03575637  0.03771511  0.03561433]
 [ 0.03714673  0.85604371  0.03506548  0.03682962  0.03491447]
 [ 0.69768621  0.0781738   0.08316603  0.07163263  0.06934133]
 [ 0.11976475  0.5340721   0.11389179  0.11883546  0.1134359 ]
 [ 0.13788544  0.45446645  0.13514832  0.13751624  0.13498354]
 [ 0.05657901  0.78176294  0.05290135  0.05606852  0.05268818]
 [ 0.62319973  0.07495987  0.17198987  0.06737867  0.06247186]
 [ 0.6689733   0.08760123  0.09268231  0.07684537  0.07389779]
 [ 0.69695334  0.08001938  0.08466501  0.07051572  0.06784655]
 [ 0.09885326  0.61511347  0.09430551  0.09788142  0.09384634]
 [ 0.10742307  0.58193974  0.10224609  0.10656937  0.10182172]
 [ 0.05622104  0.77950322  0.05422318  0.05594694  0.05410562]
 [ 0.11739645  0.53712525  0.11433892  0.11698444  0.11415493]
 [ 0.04632757  0.82266552  0.04269904  0.04581676  0.0424911 ]
 [ 0.10116713  0.63386772  0.0891901   0.08928907  0.08648598]
 [ 0.40129307  0.19865869  0.14501762  0.12999572  0.12503489]
 [ 0.05741991  0.77475766  0.05539865  0.05714558  0.05527821]
 [ 0.07002744  0.72764926  0.06649512  0.06953878  0.0662894 ]
 [ 0.44979372  0.14285342  0.14785853  0.13142034  0.12807399]
 [ 0.08142857  0.68291706  0.07749794  0.08089042  0.07726602]
 [ 0.58182437  0.1171114   0.11109383  0.09658024  0.09339016]
 [ 0.62476541  0.09887826  0.10588137  0.08694695  0.08352801]
 [ 0.17628849  0.35994913  0.15503587  0.15728137  0.15144514]
 [ 0.05275242  0.79900338  0.04820147  0.05210355  0.04793918]
 [ 0.42494368  0.1444702   0.17216513  0.13239906  0.12602193]
 [ 0.08110942  0.6844894   0.07704392  0.0805529   0.07680436]
 [ 0.65884255  0.09181648  0.09182576  0.07995571  0.07755949]
 [ 0.65774171  0.08976588  0.09648868  0.07960147  0.07640227]
 [ 0.62814597  0.09422962  0.11312279  0.08451583  0.07998579]
 [ 0.44010979  0.14085926  0.16002031  0.13229506  0.12671558]
 [ 0.24409441  0.20858347  0.18817364  0.18123251  0.17791597]
 [ 0.36303651  0.15983763  0.18044191  0.15128552  0.14539844]
 [ 0.10153741  0.60371267  0.09704265  0.10093844  0.09676884]
 [ 0.57428223  0.10356488  0.13874106  0.09459554  0.08881629]
 [ 0.1851917   0.31141141  0.16856068  0.16988919  0.16494703]
 [ 0.2866157   0.16668211  0.2391759   0.15804491  0.14948138]
 [ 0.71779443  0.07445834  0.07871283  0.06568847  0.06334593]
 [ 0.45003866  0.14152554  0.14524925  0.13291649  0.13027006]
 [ 0.1235897   0.51861032  0.11768152  0.12278964  0.11732882]
 [ 0.08902779  0.66053399  0.08308233  0.08531887  0.08203703]
 [ 0.10061917  0.61089167  0.09517329  0.09877846  0.09453741]
 [ 0.09684415  0.64896933  0.08509228  0.08608181  0.08301244]
 [ 0.55768973  0.09501046  0.17754056  0.0881892   0.08157005]
 [ 0.14122453  0.4670655   0.13038099  0.13296178  0.12836721]
 [ 0.34830193  0.28457488  0.12687835  0.12222712  0.11801771]
 [ 0.07209189  0.71912955  0.06890514  0.07128076  0.06859266]
 [ 0.52016626  0.12349506  0.12903381  0.11515908  0.11214579]
 [ 0.53748016  0.11856448  0.1276158   0.10991407  0.10642549]
 [ 0.12409009  0.51645261  0.11825406  0.12329856  0.11790468]
 [ 0.54177994  0.11745179  0.12750999  0.10846356  0.10479471]
 [ 0.20060901  0.44070357  0.12228228  0.12064971  0.11575543]
 [ 0.10558146  0.58800896  0.10087336  0.10494546  0.10059076]
 [ 0.66000811  0.09113938  0.09895025  0.07688833  0.07301393]
 [ 0.182264    0.08281179  0.58125835  0.08065916  0.0730067 ]
 [ 0.18454077  0.15893655  0.35142113  0.15857683  0.14652473]
 [ 0.07330317  0.71549059  0.06933614  0.07277232  0.06909779]
 [ 0.11161714  0.05916801  0.71886942  0.05786253  0.05248291]
 [ 0.59093423  0.10690667  0.1150093   0.09541976  0.09173004]
 [ 0.315539    0.26174683  0.14758373  0.13958429  0.13554615]
 [ 0.10928812  0.58047213  0.10246382  0.10626658  0.10150935]
 [ 0.11636979  0.54543663  0.1113971   0.11570001  0.11109647]
 [ 0.14120303  0.12015927  0.50984908  0.12080946  0.10797916]
 [ 0.10606513  0.60298144  0.09676806  0.09902628  0.09515909]
 [ 0.08541579  0.66788828  0.08155153  0.08412186  0.08102253]
 [ 0.06443782  0.74780832  0.06189805  0.06409526  0.06176054]
 [ 0.06610269  0.74285184  0.06279174  0.06566171  0.06259202]
 [ 0.56295506  0.08894988  0.19468285  0.07947097  0.07394125]
 [ 0.07370574  0.71255532  0.07034741  0.0732384   0.07015314]
 [ 0.04880408  0.81060587  0.04614909  0.04844654  0.04599442]
 [ 0.62930986  0.10158269  0.10072093  0.08570847  0.08267805]
 [ 0.10926844  0.57356908  0.10443016  0.1086074   0.10412492]
 [ 0.1189929   0.0713753   0.67801852  0.0686843   0.06292897]
 [ 0.09181403  0.64329815  0.08700697  0.09115982  0.08672103]
 [ 0.0631179   0.75568552  0.05940594  0.06259712  0.05919352]
 [ 0.10857311  0.57742266  0.10323378  0.10786597  0.10290448]
 [ 0.07888245  0.06911618  0.72106164  0.07045139  0.06048835]
 [ 0.09861387  0.08832773  0.64434878  0.09006962  0.07863999]
 [ 0.07163811  0.72169321  0.0678828   0.0711235   0.06766238]
 [ 0.08391025  0.67352888  0.08019343  0.08268707  0.07968038]
 [ 0.05518882  0.05034303  0.79748677  0.05108061  0.04590077]
 [ 0.65845666  0.09059298  0.09638666  0.07900725  0.07555646]
 [ 0.06698375  0.06147946  0.75285038  0.06239613  0.05629027]
 [ 0.07178659  0.72073732  0.06819642  0.0712936   0.06798606]
 [ 0.0560172   0.78300417  0.05230494  0.05651924  0.05215446]
 [ 0.0992884   0.61368358  0.09435167  0.09862168  0.09405467]
 [ 0.46727534  0.15077374  0.13754714  0.12404529  0.12035849]
 [ 0.09926441  0.61465867  0.09392765  0.09854089  0.09360838]
 [ 0.14329287  0.11782369  0.51838599  0.11831335  0.10218409]
 [ 0.08699734  0.66058784  0.08318673  0.08633942  0.08288867]
 [ 0.12951065  0.11395187  0.5408451   0.1153967   0.10029569]
 [ 0.09167594  0.64701495  0.08647532  0.0891514   0.0856824 ]
 [ 0.46337837  0.12140032  0.19936714  0.11175412  0.10410006]
 [ 0.51412327  0.11770872  0.16043353  0.10708437  0.10065012]
 [ 0.07607242  0.70208616  0.07282334  0.07634427  0.07267381]
 [ 0.56598683  0.11838711  0.11151702  0.10321142  0.10089763]
 [ 0.11081367  0.50662614  0.10756616  0.16647429  0.10851974]
 [ 0.19602481  0.30226682  0.16921173  0.16855376  0.16394288]
 [ 0.21424393  0.27642059  0.17308322  0.17039521  0.16585705]
 [ 0.13280353  0.10439164  0.56877552  0.10444876  0.08958054]
 [ 0.08065788  0.68687881  0.07632505  0.08007339  0.07606487]
 [ 0.38633563  0.17010462  0.15741282  0.14485125  0.14129568]
 [ 0.23158027  0.26397609  0.17196573  0.16853891  0.16393899]
 [ 0.08467747  0.66911998  0.08111096  0.08419279  0.0808988 ]
 [ 0.54472238  0.11800621  0.1360152   0.10336677  0.09788944]
 [ 0.11368716  0.55507495  0.10921166  0.11308292  0.1089433 ]
 [ 0.50436822  0.13090541  0.13366347  0.11718731  0.11387559]
 [ 0.489111    0.11975139  0.17872128  0.10946258  0.10295374]
 [ 0.08800784  0.07406476  0.69784781  0.07437395  0.06570562]
 [ 0.12712925  0.11152615  0.54950347  0.11289114  0.09895   ]
 [ 0.10954715  0.5722642   0.10467937  0.10910788  0.10440139]
 [ 0.04279095  0.8331907   0.04080887  0.04251576  0.04069372]
 [ 0.12401126  0.08783916  0.62269296  0.08635217  0.07910444]
 [ 0.42067844  0.1592736   0.14790917  0.1376571   0.13448168]
 [ 0.03913088  0.84707981  0.03749068  0.03890315  0.03739547]
 [ 0.15535518  0.48612139  0.12115066  0.12070801  0.11666476]
 [ 0.64263046  0.09411713  0.1003465   0.08306792  0.07983799]
 [ 0.5126626   0.11860185  0.15111283  0.11126757  0.10635515]
 [ 0.07978991  0.68908989  0.07603149  0.0792855   0.07580321]
 [ 0.09668696  0.08567743  0.65504558  0.08762377  0.07496626]
 [ 0.10026873  0.57216384  0.0968685   0.13302466  0.09767428]
 [ 0.56382041  0.11184751  0.12048972  0.10359038  0.10025199]
 [ 0.10351101  0.58873399  0.09903835  0.10955448  0.09916217]
 [ 0.13280037  0.48339009  0.12616306  0.13190627  0.1257402 ]
 [ 0.12133863  0.52499005  0.1162455   0.1214121   0.11601372]
 [ 0.33614738  0.11592459  0.32716787  0.11324695  0.1075132 ]
 [ 0.1023867   0.60200438  0.09712623  0.10166622  0.09681647]
 [ 0.13848148  0.46099574  0.13186849  0.13733462  0.13131967]
 [ 0.09684995  0.62982605  0.09120649  0.09222315  0.08989437]
 [ 0.1056947   0.59247303  0.10030909  0.10236677  0.09915641]
 [ 0.07196083  0.0622328   0.74604526  0.06207908  0.05768204]
 [ 0.097944    0.40603994  0.09957245  0.2944533   0.1019903 ]
 [ 0.16095973  0.47711039  0.12336402  0.12117671  0.11738915]
 [ 0.12350381  0.11626885  0.53525552  0.11764199  0.10732982]
 [ 0.09969153  0.61323118  0.09424407  0.09892788  0.09390534]
 [ 0.17844709  0.11212804  0.49894827  0.1094037   0.10107291]
 [ 0.67169877  0.08635799  0.09101738  0.07639182  0.07453405]
 [ 0.09200163  0.70808444  0.0685537   0.06627517  0.06508505]
 [ 0.14898211  0.41710147  0.14336765  0.14784103  0.14270774]
 [ 0.62138757  0.09946337  0.1043539   0.088079    0.08671616]
 [ 0.59505847  0.10638657  0.11137739  0.09418137  0.0929962 ]
 [ 0.27063593  0.44648342  0.09874699  0.09361418  0.0905195 ]
 [ 0.10401474  0.09302561  0.62433483  0.09386535  0.08475946]
 [ 0.14728687  0.53415478  0.10912703  0.10662536  0.10280597]
 [ 0.15201714  0.13886087  0.44364573  0.1407856   0.12469065]
 [ 0.4879766   0.21071528  0.1051618   0.09966088  0.09648544]
 [ 0.11381054  0.5549457   0.10917072  0.113184    0.10888903]
 [ 0.1228618   0.11025479  0.55568804  0.11126114  0.09993422]
 [ 0.11985158  0.56826745  0.10386997  0.10689654  0.10111447]
 [ 0.09417942  0.08025081  0.67332222  0.08071129  0.07153626]
 [ 0.12185786  0.49321862  0.121174    0.14167232  0.1220772 ]
 [ 0.16776054  0.56883699  0.09107687  0.08774     0.0845856 ]
 [ 0.13685757  0.08495729  0.6184942   0.08351728  0.07617365]
 [ 0.14982681  0.1316049   0.4685951   0.1322419   0.11773129]
 [ 0.1115545   0.09648617  0.6097934   0.0968756   0.08529032]
 [ 0.09335464  0.0723649   0.69741045  0.07127998  0.06559004]
 [ 0.5224007   0.12656155  0.12941331  0.11260945  0.10901499]
 [ 0.16985437  0.12721413  0.46358645  0.12434062  0.11500442]
 [ 0.14715696  0.28612885  0.14971465  0.26384874  0.15315082]
 [ 0.41595508  0.1487856   0.16198102  0.1389378   0.13434051]
 [ 0.51019466  0.17685836  0.10531368  0.10005763  0.10757568]
 [ 0.16018778  0.41867446  0.14085164  0.14291106  0.13737506]
 [ 0.70179413  0.07544568  0.07842458  0.06885563  0.07547998]
 [ 0.18696475  0.25552673  0.18379344  0.19015179  0.18356329]
 [ 0.24467502  0.41547506  0.11647507  0.11438011  0.10899474]
 [ 0.5937126   0.14312044  0.09613112  0.08520432  0.08183151]
 [ 0.21134497  0.55407605  0.08181549  0.0791269   0.07363658]
 [ 0.58671644  0.13866605  0.08884098  0.08448144  0.1012951 ]
 [ 0.51517488  0.29426837  0.06755056  0.06285469  0.0601515 ]
 [ 0.16534018  0.08064341  0.60795372  0.07678299  0.06927969]
 [ 0.53849365  0.10380085  0.10347974  0.09891462  0.15531114]
 [ 0.185957    0.06631068  0.62857043  0.06239936  0.05676253]
 [ 0.57697919  0.19801352  0.08083443  0.07355228  0.07062058]
 [ 0.14726303  0.42375494  0.14153055  0.14632708  0.1411244 ]
 [ 0.50045547  0.12014835  0.1300655   0.11317204  0.13615864]
 [ 0.43831282  0.36871024  0.06861157  0.06418179  0.06018358]
 [ 0.059945    0.78047905  0.0532247   0.05456315  0.0517881 ]
 [ 0.72793504  0.09197234  0.06429455  0.05878396  0.05701411]
 [ 0.67015534  0.09425026  0.08501457  0.07636343  0.07421641]
 [ 0.6130893   0.18534106  0.07252414  0.06587808  0.06316742]
 [ 0.17635379  0.30429081  0.17193845  0.17575726  0.17165969]
 [ 0.10274847  0.59984218  0.09814997  0.10161311  0.09764627]
 [ 0.06595578  0.76076265  0.05779023  0.05942767  0.05606367]
 [ 0.30773049  0.46122946  0.08106912  0.07668307  0.07328785]
 [ 0.37107615  0.1015869   0.09346007  0.09462655  0.33925033]
 [ 0.12206711  0.13284226  0.12952008  0.48046977  0.13510078]
 [ 0.16112     0.36725764  0.15579803  0.16035998  0.15546434]
 [ 0.1589049   0.23062696  0.16113517  0.28545991  0.16387307]
 [ 0.58475665  0.10643134  0.1146921   0.09868657  0.09543334]
 [ 0.13637588  0.14777398  0.14383613  0.4225062   0.1495078 ]
 [ 0.15149488  0.23784696  0.1537149   0.30037513  0.15656814]
 [ 0.10320829  0.11194771  0.10989376  0.55976981  0.11518042]
 [ 0.11472582  0.08509856  0.0833822   0.08463997  0.63215345]
 [ 0.34608667  0.08465085  0.07685588  0.07951172  0.41289489]
 [ 0.10591365  0.0819738   0.08012677  0.08176686  0.65021892]
 [ 0.12609692  0.45221238  0.1251963   0.17025887  0.12623554]
 [ 0.71236997  0.07039034  0.08881015  0.06583795  0.06259159]
 [ 0.43341569  0.12993148  0.14864125  0.12419979  0.16381179]
 [ 0.52646625  0.1227099   0.12876338  0.11281302  0.10924744]
 [ 0.44401782  0.14724525  0.15138265  0.13100173  0.12635256]
 [ 0.08208278  0.08081863  0.07412709  0.08541626  0.67755524]
 [ 0.54813469  0.2494242   0.06016387  0.05875874  0.0835185 ]
 [ 0.08483566  0.09128472  0.08201774  0.09852434  0.64333753]
 [ 0.07518175  0.07827626  0.07125294  0.08341993  0.69186912]
 [ 0.06985951  0.73021502  0.06562915  0.06903335  0.06526297]
 [ 0.4954184   0.13989303  0.13473184  0.11732237  0.11263436]
 [ 0.52449413  0.12507892  0.13172624  0.11158679  0.10711391]
 [ 0.51275685  0.15522579  0.12078227  0.10788747  0.10334762]
 [ 0.24371984  0.58016077  0.05906876  0.05595379  0.06109684]
 [ 0.55432037  0.0948928   0.18187771  0.08758794  0.08132117]
 [ 0.0591985   0.78443636  0.05199255  0.05384137  0.05053122]
 [ 0.2074758   0.11780832  0.14429032  0.11825959  0.41216597]
 [ 0.20025407  0.11663679  0.14162132  0.1171166   0.42437122]
 [ 0.07076832  0.07468031  0.0681153   0.07954188  0.70689419]
 [ 0.10052794  0.11282311  0.1010989   0.12256625  0.56298379]
 [ 0.25552498  0.12363983  0.17319678  0.12418467  0.32345374]
 [ 0.54927287  0.10855161  0.15015317  0.09955635  0.092466  ]
 [ 0.5023172   0.12180454  0.1624558   0.10985297  0.10356949]
 [ 0.50406591  0.1174437   0.16566021  0.10977109  0.10305908]
 [ 0.05551935  0.78160919  0.05384705  0.05528037  0.05374405]
 [ 0.14692861  0.32640336  0.14872918  0.22628269  0.15165617]
 [ 0.42477532  0.081244    0.34075779  0.07846356  0.07475933]
 [ 0.42215111  0.13623768  0.19785098  0.12619954  0.11756069]
 [ 0.31378082  0.07161023  0.47659935  0.07005535  0.06795426]
 [ 0.13212845  0.09342137  0.07918247  0.08072395  0.61454376]
 [ 0.06931549  0.72768983  0.06706469  0.06899753  0.06693246]
 [ 0.28345806  0.0988051   0.43809718  0.09348133  0.08615832]
 [ 0.17450925  0.18090422  0.17957417  0.2820498   0.18296256]
 [ 0.09885005  0.10901798  0.10673819  0.57254466  0.11284912]
 [ 0.39792939  0.29140841  0.0900221   0.08998569  0.13065442]
 [ 0.23528421  0.13776078  0.37576577  0.13166599  0.11952324]
 [ 0.39175285  0.34135829  0.08251857  0.08302393  0.10134635]
 [ 0.0571803   0.77702171  0.05457661  0.05680824  0.05441314]
 [ 0.20745153  0.14462848  0.37663145  0.13978484  0.1315037 ]
 [ 0.08004343  0.0879      0.0794808   0.09525552  0.65732025]
 [ 0.09321483  0.1052787   0.09941069  0.59750342  0.10459236]
 [ 0.13763552  0.14742474  0.14528802  0.41878128  0.15087044]
 [ 0.12643917  0.66044583  0.07179181  0.07474154  0.06658165]
 [ 0.11302698  0.66921276  0.07400105  0.07360838  0.07015083]
 [ 0.35165406  0.40510303  0.08010165  0.07973198  0.08340929]
 [ 0.13861561  0.14820946  0.1372787   0.15668011  0.41921613]
 [ 0.1834936   0.11524532  0.52443546  0.09149202  0.0853336 ]
 [ 0.07086372  0.7230702   0.06790097  0.07044492  0.06772019]
 [ 0.11065219  0.30883414  0.10797528  0.36458019  0.1079582 ]
 [ 0.09888243  0.60650292  0.08509594  0.1260676   0.08345111]
 [ 0.16007118  0.16419337  0.15799833  0.17065397  0.34708315]
 [ 0.14381052  0.70023589  0.06434233  0.04760419  0.04400706]
 [ 0.18730835  0.1685836   0.26141171  0.17044061  0.21225573]
 [ 0.08101797  0.05731863  0.75433801  0.05671284  0.05061255]
 [ 0.07424892  0.08091324  0.07907245  0.68268784  0.08307756]
 [ 0.12533456  0.1467417   0.13372341  0.45379254  0.1404078 ]
 [ 0.11241783  0.12646631  0.12336894  0.50625823  0.13148869]
 [ 0.11933193  0.10649999  0.63056126  0.07406267  0.06954415]
 [ 0.08602644  0.7010843   0.0742605   0.07366728  0.06496148]
 [ 0.24617867  0.4362404   0.10927658  0.10600768  0.10229666]
 [ 0.07548908  0.08186407  0.08041012  0.67806522  0.08417151]
 [ 0.11832381  0.09211662  0.61108196  0.09139883  0.08707878]
 [ 0.14175277  0.12075881  0.51248813  0.12250601  0.10249428]
 [ 0.15519856  0.13361645  0.46134843  0.13535173  0.11448483]
 [ 0.09298359  0.10256328  0.09964993  0.60021774  0.10458545]
 [ 0.20777425  0.18049671  0.1484535   0.15774786  0.30552769]
 [ 0.22576137  0.15688773  0.29843498  0.1553569   0.16355901]
 [ 0.13490276  0.38269854  0.13465954  0.21219286  0.13554629]
 [ 0.27487247  0.15766736  0.24196273  0.15524005  0.1702574 ]
 [ 0.10605105  0.11838122  0.11556778  0.53694546  0.12305449]
 [ 0.16209749  0.39660619  0.14695282  0.1502666   0.1440769 ]
 [ 0.1493196   0.18685975  0.41860605  0.12974937  0.11546522]
 [ 0.13579554  0.18895385  0.14246025  0.38524216  0.14754819]
 [ 0.09429294  0.10576486  0.10321107  0.58685132  0.10987981]
 [ 0.35815997  0.13654715  0.23810335  0.13360179  0.13358773]
 [ 0.09174838  0.06690408  0.71743495  0.06658766  0.05732493]
 [ 0.06595214  0.07401335  0.07214539  0.71078042  0.07710871]
 [ 0.11491368  0.13127733  0.12768131  0.4890959   0.13703177]
 [ 0.15877098  0.11642386  0.53145374  0.10251818  0.09083323]
 [ 0.09414466  0.5475907   0.15542835  0.11915416  0.08368213]
 [ 0.09930712  0.04105145  0.78181945  0.04019553  0.03762645]
 [ 0.09041762  0.10430186  0.09772171  0.60434622  0.10321259]
 [ 0.18285294  0.2743744   0.18021753  0.18250235  0.18005278]
 [ 0.12451865  0.40244429  0.25493255  0.11440601  0.1036985 ]
 [ 0.10297911  0.11789352  0.11454483  0.54123159  0.12335095]
 [ 0.05795072  0.06583148  0.06372801  0.74401975  0.06847004]
 [ 0.10288309  0.68082186  0.07240666  0.07372172  0.07016667]
