Final Kernel (Labels 0 v.s. 1): 1.000*gaussian{0.128} 
Final Kernel (Labels 0 v.s. 2): 1.000*gaussian{0.127} 
Final Kernel (Labels 0 v.s. 3): 1.000*gaussian{0.149} 
Final Kernel (Labels 1 v.s. 2): 1.000*gaussian{0.138} 
Final Kernel (Labels 1 v.s. 3): 1.000*gaussian{0.134} 
Final Kernel (Labels 2 v.s. 3): 1.000*gaussian{0.135} 

===Prediction Results===
---Prediction Features---
[[ -1.74868187e+00  -2.27249578e-01]
 [ -1.74258717e+00   9.92278086e-01]
 [ -1.73478958e+00   8.65637998e-01]
 [ -1.72540764e+00   8.33417561e-01]
 [ -1.71702040e+00   8.34537725e-02]
 [ -1.71599109e+00  -7.68345181e-02]
 [ -1.70726985e+00  -1.47453156e+00]
 [ -1.70486852e+00   1.20600023e+00]
 [ -1.70320445e+00  -1.10389404e+00]
 [ -1.69647026e+00   6.52120348e-01]
 [ -1.69070019e+00  -1.17046079e+00]
 [ -1.68757048e+00  -1.14469655e-01]
 [ -1.68063520e+00  -8.87613104e-01]
 [ -1.67895253e+00   1.61822552e-02]
 [ -1.67442321e+00  -1.67563573e+00]
 [ -1.67114447e+00   1.12369984e+00]
 [ -1.64108299e+00   4.10388053e-01]
 [ -1.62867629e+00  -1.53773240e+00]
 [ -1.61395200e+00   9.69797486e-01]
 [ -1.59995953e+00   3.58098781e-01]
 [ -1.59776277e+00   4.75949920e-01]
 [ -1.58414931e+00  -1.46063285e+00]
 [ -1.58246597e+00   3.37568536e-01]
 [ -1.58141802e+00  -2.82564238e-01]
 [ -1.54962252e+00   1.02792641e+00]
 [ -1.53456141e+00   6.07167321e-02]
 [ -1.53116580e+00  -1.26868558e+00]
 [ -1.52895080e+00  -1.45369926e+00]
 [ -1.50825936e+00  -1.06782156e+00]
 [ -1.50665035e+00  -6.62982336e-01]
 [ -1.50311872e+00  -5.85475933e-01]
 [ -1.49242239e+00  -7.13547217e-01]
 [ -1.47016022e+00   6.84986916e-01]
 [ -1.46599163e+00  -2.24626252e-01]
 [ -1.46214125e+00   1.37381580e+00]
 [ -1.45646779e+00   7.51873739e-01]
 [ -1.45577240e+00   8.62376700e-01]
 [ -1.44217838e+00   1.30623398e+00]
 [ -1.43701350e+00   8.86320871e-01]
 [ -1.42958342e+00   3.28484892e-01]
 [ -1.42699051e+00   1.25298425e+00]
 [ -1.42364250e+00   1.63769238e-01]
 [ -1.42256855e+00  -1.43285014e+00]
 [ -1.40701812e+00   1.44565391e+00]
 [ -1.40097680e+00  -8.35726964e-01]
 [ -1.39833183e+00  -6.81729302e-01]
 [ -1.38936807e+00   9.59167894e-01]
 [ -1.38685967e+00   5.74468543e-02]
 [ -1.38628621e+00  -1.42777351e+00]
 [ -1.38264247e+00  -1.01575340e+00]
 [ -1.36927186e+00   1.22425206e+00]
 [ -1.36085794e+00  -1.62062308e+00]
 [ -1.35344312e+00  -9.31558115e-01]
 [ -1.34400545e+00  -1.58746735e+00]
 [ -1.33153835e+00   1.13313402e+00]
 [ -1.32064238e+00   8.17939257e-01]
 [ -1.30476135e+00   9.07057337e-01]
 [ -1.30425936e+00   7.71204143e-01]
 [ -1.30230098e+00  -1.47601284e+00]
 [ -1.28880714e+00  -7.96679846e-01]
 [ -1.28662497e+00  -3.20690611e-01]
 [ -1.28558556e+00  -7.79875154e-01]
 [ -1.27810452e+00   6.81435137e-02]
 [ -1.26674541e+00   8.93059527e-01]
 [ -1.26022090e+00  -5.70791798e-01]
 [ -1.24182428e+00  -1.38740386e+00]
 [ -1.22704712e+00   1.63260156e+00]
 [ -1.22632068e+00   1.65395281e+00]
 [ -1.22182377e+00  -9.76477844e-01]
 [ -1.19530537e+00   8.44974035e-01]
 [ -1.18448383e+00  -1.43017577e+00]
 [ -1.18325362e+00   1.53576723e-01]
 [ -1.18292198e+00  -3.59178206e-01]
 [ -1.17698643e+00  -6.14571723e-01]
 [ -1.16353556e+00   5.39317233e-01]
 [ -1.16224710e+00   8.47895018e-01]
 [ -1.15083805e+00   2.64955363e-01]
 [ -1.14051680e+00  -1.24319661e+00]
 [ -1.13086330e+00   1.44545722e+00]
 [ -1.10513929e+00  -6.07547786e-01]
 [ -1.09043399e+00   9.86020899e-01]
 [ -1.08996085e+00   8.37326133e-01]
 [ -1.08946015e+00  -1.51330863e+00]
 [ -1.08327004e+00   2.64850305e-01]
 [ -1.08155118e+00  -3.84582755e-01]
 [ -1.08035962e+00   7.87829694e-01]
 [ -1.07453954e+00   1.60925123e+00]
 [ -1.07065125e+00   1.72119003e+00]
 [ -1.06452160e+00  -1.41450647e+00]
 [ -1.05577339e+00   1.22627611e+00]
 [ -1.05214761e+00   1.52955958e+00]
 [ -1.05091538e+00   1.05303624e+00]
 [ -1.04167502e+00  -1.58714948e+00]
 [ -1.02070171e+00  -5.61587616e-01]
 [ -1.01432651e+00   3.35520304e-01]
 [ -1.01263104e+00  -6.01045200e-01]
 [ -1.00741081e+00   1.54564219e+00]
 [ -1.00702230e+00   1.64044887e+00]
 [ -9.98360882e-01  -1.19681125e+00]
 [ -9.97114754e-01  -1.42567303e+00]
 [ -9.96658198e-01  -4.28386679e-01]
 [ -9.85807403e-01   2.06645237e-01]
 [ -9.83175140e-01  -1.37274154e+00]
 [ -9.75818995e-01   1.60686360e+00]
 [ -9.75102667e-01  -3.57142268e-01]
 [ -9.73807863e-01  -1.26973583e+00]
 [ -9.62323330e-01  -5.15671245e-01]
 [ -9.54612181e-01   5.90531865e-01]
 [ -9.50923740e-01  -9.76377459e-01]
 [ -9.35662010e-01   1.09760654e+00]
 [ -9.21401436e-01  -4.70455631e-01]
 [ -9.18622189e-01  -4.89197070e-01]
 [ -9.08799583e-01   1.30065033e-01]
 [ -9.02504706e-01  -2.94901488e-01]
 [ -8.94436411e-01  -2.90385964e-03]
 [ -8.91966973e-01   9.28753689e-01]
 [ -8.81815975e-01   6.67053796e-01]
 [ -8.79008217e-01   9.65103424e-01]
 [ -8.67654342e-01  -1.56491134e+00]
 [ -8.66501230e-01   8.92353310e-01]
 [ -8.64819462e-01  -2.90249488e-01]
 [ -8.61263240e-01  -1.24928502e-01]
 [ -8.49458058e-01   1.44407743e+00]
 [ -8.45732441e-01  -7.22666995e-01]
 [ -8.43990650e-01   3.59417565e-02]
 [ -8.38065693e-01   4.45011487e-01]
 [ -8.36366675e-01  -6.12141907e-01]
 [ -8.28414817e-01   1.88508255e-01]
 [ -8.12877379e-01   7.96870621e-01]
 [ -7.98807425e-01  -2.57112070e-01]
 [ -7.98196158e-01  -1.33894076e+00]
 [ -7.97965073e-01   1.58930944e+00]
 [ -7.96361121e-01   2.81138467e-01]
 [ -7.79216163e-01  -1.52594071e+00]
 [ -7.61120887e-01   1.67679399e+00]
 [ -7.59485974e-01   5.03128363e-01]
 [ -7.55640461e-01  -2.52941731e-02]
 [ -7.47861114e-01  -7.77955914e-01]
 [ -7.40422029e-01  -2.92857350e-01]
 [ -7.33139310e-01   8.63280399e-02]
 [ -7.27167458e-01  -3.47499697e-01]
 [ -7.21319696e-01  -1.60194485e+00]
 [ -7.13498244e-01   1.27061111e+00]
 [ -6.86836011e-01   1.18028861e+00]
 [ -6.86623158e-01  -5.17092216e-01]
 [ -6.75327014e-01  -1.34785220e+00]
 [ -6.57717068e-01   1.71661944e+00]
 [ -6.57192664e-01   3.36704923e-01]
 [ -6.56249337e-01   1.50569673e+00]
 [ -6.39814415e-01  -1.71925684e+00]
 [ -6.39458796e-01  -1.08876638e-01]
 [ -6.35651180e-01   4.36735752e-01]
 [ -6.29381878e-01   5.14996483e-01]
 [ -6.22545001e-01  -1.17909231e+00]
 [ -6.16908956e-01   1.40788810e+00]
 [ -6.01455963e-01  -7.32968998e-01]
 [ -5.96915485e-01  -1.49987745e+00]
 [ -5.92510345e-01   1.25957445e+00]
 [ -5.87087707e-01  -1.60591518e+00]
 [ -5.78636059e-01  -1.46490767e+00]
 [ -5.69611765e-01   1.02342036e+00]
 [ -5.60247513e-01  -1.12384882e+00]
 [ -5.59745994e-01   1.16729111e+00]
 [ -5.47455292e-01   1.55388440e+00]
 [ -5.24493949e-01  -5.59264429e-01]
 [ -5.15238516e-01   4.38604341e-01]
 [ -5.13727471e-01  -1.97428123e-01]
 [ -5.08335618e-01   8.85584762e-01]
 [ -4.97135114e-01   7.40272535e-03]
 [ -4.94863739e-01   6.45446878e-01]
 [ -4.94834477e-01   3.92502540e-01]
 [ -4.93631430e-01   9.79850835e-01]
 [ -4.83733219e-01   1.43374818e+00]
 [ -4.83149237e-01   2.06579097e-01]
 [ -4.78878885e-01   7.40629528e-01]
 [ -4.58746203e-01   1.07424493e+00]
 [ -4.31815909e-01  -1.25792622e+00]
 [ -4.28537923e-01   1.10182255e+00]
 [ -4.13194548e-01   1.20029201e+00]
 [ -4.03809329e-01   7.02198307e-01]
 [ -3.96980745e-01  -5.31327342e-01]
 [ -3.91731621e-01   7.02087868e-01]
 [ -3.87182621e-01  -1.00229722e+00]
 [ -3.84685044e-01  -8.48890778e-01]
 [ -3.61441745e-01  -1.46427119e+00]
 [ -3.60711553e-01  -7.02021169e-01]
 [ -3.57881081e-01   1.12300557e+00]
 [ -3.55738970e-01   3.09317541e-01]
 [ -3.46650621e-01   1.77252886e-02]
 [ -3.22402132e-01   2.66062659e-01]
 [ -3.22128385e-01   1.45247527e+00]
 [ -3.09841480e-01   7.30317714e-01]
 [ -3.05382793e-01  -1.13564412e+00]
 [ -3.01511537e-01  -1.09164492e+00]
 [ -2.87951553e-01   4.49751089e-01]
 [ -2.75011325e-01  -3.51453624e-01]
 [ -2.72878448e-01   6.06468364e-01]
 [ -2.66907752e-01   2.29381341e-01]
 [ -2.60907333e-01  -6.20025844e-01]
 [ -2.56327383e-01  -6.34712838e-01]
 [ -2.51821764e-01   7.64860055e-01]
 [ -2.44332187e-01  -4.22485540e-01]
 [ -2.37962014e-01   1.72566092e+00]
 [ -2.33140981e-01  -1.33912140e+00]
 [ -2.30816538e-01   9.97493824e-01]
 [ -2.26932515e-01   3.46420055e-01]
 [ -2.23033445e-01  -3.66383689e-01]
 [ -2.22726676e-01  -1.74890162e-02]
 [ -2.15048139e-01  -1.62663424e+00]
 [ -2.08866922e-01  -9.97998220e-01]
 [ -2.05731954e-01   1.28619516e+00]
 [ -1.98073531e-01   5.52732470e-02]
 [ -1.95308249e-01  -5.59123001e-01]
 [ -1.92297337e-01  -1.12772632e+00]
 [ -1.82506510e-01  -6.91649735e-01]
 [ -1.78314236e-01   1.41606296e+00]
 [ -1.74822107e-01   1.36033298e+00]
 [ -1.69508548e-01  -1.73035281e+00]
 [ -1.61575945e-01   1.56147406e+00]
 [ -1.56422245e-01  -1.64775867e-01]
 [ -1.45046906e-01   1.27072435e+00]
 [ -1.37785012e-01   6.45734608e-01]
 [ -1.12947847e-01  -1.62883933e+00]
 [ -1.10498381e-01  -1.54920792e-02]
 [ -9.16694006e-02  -1.21633221e+00]
 [ -8.56042220e-02   2.79348142e-01]
 [ -8.08856640e-02   5.57680477e-01]
 [ -6.04568558e-02   5.87197898e-01]
 [ -6.01272730e-02   1.44165166e+00]
 [ -5.93726518e-02  -8.16859468e-01]
 [ -5.91761238e-02   1.68710473e+00]
 [ -4.96441841e-02   1.02577343e+00]
 [ -4.72885461e-02  -3.31876287e-01]
 [ -3.81480401e-02  -1.66182964e+00]
 [ -2.62140845e-02  -1.44538563e+00]
 [ -1.67761025e-02  -1.64680053e+00]
 [ -5.29386991e-03   1.02371818e+00]
 [ -5.22585144e-03  -1.71142732e+00]
 [ -2.39332612e-03  -1.74211666e+00]
 [ -2.24339413e-03  -1.44896102e+00]
 [ -3.08495842e-04  -1.13237762e+00]
 [  1.76652490e-02   2.84826285e-01]
 [  1.99580518e-02   1.36893874e+00]
 [  3.22666680e-02  -3.73996582e-01]
 [  3.50759330e-02   9.07237655e-01]
 [  4.24227733e-02  -7.06630909e-01]
 [  5.60642362e-02   5.76436255e-01]
 [  6.67167460e-02  -1.25107290e-01]
 [  7.13914632e-02   1.55442056e+00]
 [  7.55937910e-02  -1.36681295e+00]
 [  8.53900515e-02  -5.43891857e-01]
 [  8.61514076e-02   1.72627768e+00]
 [  1.03694496e-01  -1.57396870e+00]
 [  1.11869128e-01   1.39909612e+00]
 [  1.14110497e-01  -1.67605569e+00]
 [  1.20621761e-01   6.74338919e-01]
 [  1.25529541e-01   5.36008737e-01]
 [  1.31025052e-01  -1.16809576e+00]
 [  1.41302689e-01   1.65561474e+00]
 [  1.59957061e-01   3.22966679e-01]
 [  1.62583926e-01   1.46306628e+00]
 [  1.65892831e-01   1.69811511e+00]
 [  1.70137625e-01  -1.07192324e+00]
 [  1.78856458e-01   3.78151811e-02]
 [  1.85976038e-01  -1.47070812e+00]
 [  2.07513558e-01   3.90684223e-01]
 [  2.11641244e-01  -1.12919415e+00]
 [  2.21603994e-01  -7.46897825e-01]
 [  2.32925111e-01  -7.71251724e-01]
 [  2.35560962e-01  -7.82860462e-01]
 [  2.35563688e-01   1.00142273e+00]
 [  2.44257131e-01   1.48472235e+00]
 [  2.49011541e-01  -1.12329444e+00]
 [  2.61758375e-01  -1.52517258e+00]
 [  2.63817703e-01  -1.60157244e+00]
 [  2.68081140e-01   1.37400030e-01]
 [  2.83587833e-01   9.03741731e-01]
 [  2.92021619e-01  -7.07625585e-01]
 [  2.99310272e-01   1.05833391e+00]
 [  3.12216562e-01  -2.63201951e-01]
 [  3.12282541e-01   1.04119816e-01]
 [  3.19571739e-01  -1.35947444e+00]
 [  3.25074557e-01  -1.01809780e-01]
 [  3.70006932e-01   1.50943955e+00]
 [  3.71864113e-01   5.05033914e-01]
 [  3.77586189e-01  -1.00254922e+00]
 [  3.83898398e-01   1.16604716e+00]
 [  3.84208277e-01  -5.83755461e-01]
 [  3.94708050e-01  -3.88717376e-01]
 [  3.96979926e-01  -1.14536527e+00]
 [  3.97369280e-01  -9.59391870e-01]
 [  4.05168939e-01   1.28681136e+00]
 [  4.05451938e-01  -4.98890190e-01]
 [  4.18501563e-01   8.55065861e-01]
 [  4.18642439e-01  -1.24731056e+00]
 [  4.20532466e-01   6.25992122e-01]
 [  4.33692920e-01   9.36140458e-01]
 [  4.41201448e-01  -1.16030076e+00]
 [  4.42351160e-01   1.17772441e-02]
 [  4.68248533e-01  -1.42571080e+00]
 [  4.71519853e-01  -9.40264491e-02]
 [  4.86452766e-01   8.51546085e-01]
 [  5.01751680e-01  -1.22459113e+00]
 [  5.06829082e-01   1.11294314e+00]
 [  5.22988300e-01   6.32328289e-01]
 [  5.30598460e-01  -1.46047847e+00]
 [  5.36280802e-01  -1.29787217e+00]
 [  5.36305717e-01   1.61186281e+00]
 [  5.37998819e-01  -1.69220452e+00]
 [  5.42955427e-01  -1.53603324e+00]
 [  5.45461763e-01  -1.42719956e+00]
 [  5.48728651e-01   9.08836978e-01]
 [  5.50800196e-01  -9.54162513e-01]
 [  5.53340729e-01   1.53617302e+00]
 [  5.81360384e-01  -1.19042115e+00]
 [  5.82868874e-01   1.29141957e+00]
 [  5.87173918e-01   3.28042171e-01]
 [  5.96991377e-01   1.43429785e+00]
 [  6.05489048e-01   1.27654532e+00]
 [  6.09805507e-01  -8.46700156e-02]
 [  6.12707420e-01  -9.92710291e-01]
 [  6.13167793e-01   1.11159174e+00]
 [  6.15869673e-01  -5.94874862e-01]
 [  6.27720578e-01   1.17650225e+00]
 [  6.31203400e-01  -3.88506127e-01]
 [  6.31579873e-01   3.89402997e-01]
 [  6.42166122e-01  -1.17336802e+00]
 [  6.45019256e-01  -8.29038913e-01]
 [  6.56598636e-01  -8.67901803e-01]
 [  6.57772604e-01  -1.17772222e+00]
 [  6.75040704e-01  -3.02906553e-01]
 [  6.80606591e-01   9.85892894e-01]
 [  6.87308721e-01  -8.33849085e-01]
 [  6.91763279e-01  -1.57344348e+00]
 [  6.92028958e-01  -9.92599666e-01]
 [  6.93680377e-01   4.92324957e-01]
 [  6.94932701e-01   4.15738736e-01]
 [  6.97193855e-01  -1.73087332e+00]
 [  7.07821721e-01  -2.30666931e-01]
 [  7.13799449e-01   1.50537237e+00]
 [  7.15727326e-01  -1.45920593e+00]
 [  7.19418214e-01  -4.93504260e-01]
 [  7.19480861e-01  -5.93054669e-01]
 [  7.22387152e-01  -8.50276423e-01]
 [  7.48133815e-01  -1.41148660e+00]
 [  7.52357307e-01   2.00830696e-01]
 [  7.54675291e-01  -1.60379899e+00]
 [  7.56271948e-01  -1.69294103e+00]
 [  8.00079448e-01  -1.05645858e+00]
 [  8.02551649e-01  -2.33485841e-01]
 [  8.04488378e-01   1.72725411e+00]
 [  8.12979293e-01   1.27704397e+00]
 [  8.15269865e-01   8.51774174e-01]
 [  8.17406422e-01  -1.69072245e+00]
 [  8.25472439e-01  -1.21090221e+00]
 [  8.29008653e-01  -2.71312718e-01]
 [  8.35190604e-01  -1.68644924e-01]
 [  8.37256837e-01  -1.23998610e+00]
 [  8.61080774e-01  -9.21747826e-01]
 [  8.65671991e-01   1.22239675e+00]
 [  8.73621341e-01  -3.62162500e-01]
 [  8.73754639e-01   7.38431553e-01]
 [  8.73849650e-01   1.61488169e+00]
 [  8.74752178e-01   6.88911345e-01]
 [  8.77726788e-01  -1.28092544e+00]
 [  8.92807242e-01   3.01169995e-01]
 [  8.95687986e-01   9.01714493e-01]
 [  8.98647828e-01   4.55764926e-01]
 [  9.05680350e-01   7.73680636e-01]
 [  9.25735699e-01   1.25168201e+00]
 [  9.26170340e-01   1.08326883e+00]
 [  9.28563618e-01   5.55583969e-01]
 [  9.45477557e-01   1.47776746e+00]
 [  9.68909487e-01  -1.33899823e+00]
 [  9.74371155e-01   1.27513923e+00]
 [  9.77043997e-01  -4.62494160e-01]
 [  9.82150220e-01  -3.40076360e-01]
 [  9.87748880e-01  -1.79240752e-01]
 [  9.87851838e-01  -1.37093840e-01]
 [  9.91625803e-01   4.76556057e-01]
 [  9.93789887e-01  -3.37238853e-01]
 [  9.99427809e-01   1.09936738e+00]
 [  9.99509619e-01  -1.03742745e+00]
 [  9.99774091e-01  -1.20754516e+00]
 [  1.00625804e+00  -5.58456287e-01]
 [  1.00666945e+00   7.77326552e-01]
 [  1.01159041e+00  -1.61549816e+00]
 [  1.01815799e+00   1.56177058e+00]
 [  1.03818793e+00   1.11785972e+00]
 [  1.06680722e+00   1.70822672e+00]
 [  1.07288706e+00  -1.45343782e+00]
 [  1.08721186e+00   8.12924251e-01]
 [  1.09476762e+00  -5.50220099e-01]
 [  1.09568733e+00  -3.14497216e-01]
 [  1.10104635e+00  -2.40136811e-02]
 [  1.10389454e+00   1.10890383e+00]
 [  1.11213967e+00   1.32211916e+00]
 [  1.12376293e+00   5.32362984e-01]
 [  1.13366678e+00   7.58323255e-03]
 [  1.13699809e+00   3.69259150e-01]
 [  1.13807303e+00   1.58946979e+00]
 [  1.16494583e+00  -2.77002240e-01]
 [  1.16702446e+00  -5.60557406e-01]
 [  1.16815125e+00  -1.19807321e+00]
 [  1.18282623e+00  -1.26439891e+00]
 [  1.18391961e+00  -1.72649631e-01]
 [  1.18612877e+00  -2.08999049e-01]
 [  1.18677494e+00  -1.58488216e+00]
 [  1.18950311e+00  -4.72972042e-01]
 [  1.19392130e+00  -9.68986707e-01]
 [  1.19569875e+00   4.91691792e-01]
 [  1.20480419e+00  -1.37986799e+00]
 [  1.20722983e+00   7.75711943e-01]
 [  1.20859306e+00  -9.83232105e-01]
 [  1.21409889e+00  -1.28118108e+00]
 [  1.21715554e+00  -7.81131971e-01]
 [  1.23130220e+00   1.55871468e+00]
 [  1.23951711e+00   1.61518992e+00]
 [  1.24388045e+00  -1.65640209e+00]
 [  1.24697967e+00  -1.66791910e+00]
 [  1.26065093e+00   8.01389938e-01]
 [  1.26430628e+00   9.98602798e-01]
 [  1.27345618e+00   8.52579135e-01]
 [  1.27707732e+00   1.19655662e+00]
 [  1.28048985e+00   1.32554441e+00]
 [  1.28228551e+00  -1.00958000e+00]
 [  1.28635627e+00  -2.36385417e-01]
 [  1.29012606e+00   2.70115536e-01]
 [  1.29484899e+00  -1.48965838e+00]
 [  1.29500739e+00  -1.29288108e+00]
 [  1.30420368e+00  -7.31787015e-01]
 [  1.30710390e+00   7.86139864e-01]
 [  1.31132656e+00   6.60281414e-01]
 [  1.31236186e+00  -1.03749282e+00]
 [  1.32712996e+00  -1.07595008e-01]
 [  1.33435603e+00   8.09256598e-01]
 [  1.35725851e+00   1.43523014e+00]
 [  1.35964746e+00  -1.27546770e+00]
 [  1.36048558e+00   1.36833697e+00]
 [  1.36083257e+00  -1.62248241e+00]
 [  1.37302902e+00   5.35901475e-01]
 [  1.37811737e+00  -2.90230179e-01]
 [  1.38206822e+00   3.77633914e-01]
 [  1.38364506e+00   9.70928621e-01]
 [  1.38849838e+00   9.61986350e-02]
 [  1.39658095e+00  -4.81570880e-02]
 [  1.41726229e+00  -1.14784332e+00]
 [  1.43094741e+00  -3.94455221e-01]
 [  1.43992201e+00  -4.35845875e-01]
 [  1.44341390e+00  -8.93241799e-01]
 [  1.47091052e+00   1.21186207e+00]
 [  1.47378004e+00   8.23159265e-01]
 [  1.47484427e+00  -1.64466579e+00]
 [  1.47990265e+00  -2.27418742e-01]
 [  1.49246259e+00   1.41253789e-01]
 [  1.49911483e+00   1.41404808e+00]
 [  1.50338539e+00  -1.33714673e+00]
 [  1.50406519e+00  -9.39943523e-01]
 [  1.50651492e+00   4.95661573e-01]
 [  1.50881818e+00   3.80134599e-01]
 [  1.51342292e+00  -1.27982526e+00]
 [  1.52146629e+00   8.59941500e-01]
 [  1.53073164e+00  -3.64717810e-01]
 [  1.54398294e+00  -1.90513550e-01]
 [  1.54756214e+00  -1.72511591e+00]
 [  1.55271126e+00   1.29348187e-01]
 [  1.55378649e+00  -6.51135622e-01]
 [  1.57405566e+00  -3.46132787e-01]
 [  1.58379488e+00   2.89534909e-01]
 [  1.58718197e+00  -1.49332617e-01]
 [  1.59717702e+00  -1.66550554e+00]
 [  1.60333482e+00   1.44041183e+00]
 [  1.61050727e+00   9.72527070e-01]
 [  1.61074419e+00   9.23278374e-01]
 [  1.61296307e+00  -8.80612085e-01]
 [  1.61947406e+00  -1.42369535e+00]
 [  1.62293358e+00   7.25808100e-01]
 [  1.62512729e+00   4.37737171e-02]
 [  1.63171624e+00   1.49235290e+00]
 [  1.64422968e+00   1.61369200e+00]
 [  1.64449083e+00  -1.73025524e+00]
 [  1.64466129e+00   1.46295565e+00]
 [  1.64795924e+00   9.13354488e-01]
 [  1.64927893e+00   1.22691673e+00]
 [  1.65119793e+00   1.03108642e+00]
 [  1.65167604e+00  -2.43861740e-02]
 [  1.65960276e+00  -1.16916716e+00]
 [  1.66061875e+00  -1.15670073e-01]
 [  1.66223666e+00   1.51717772e+00]
 [  1.66456836e+00  -1.21503250e+00]
 [  1.66980481e+00  -2.95745289e-01]
 [  1.69716730e+00   1.17998333e+00]
 [  1.70378399e+00  -2.21735826e-01]
 [  1.71444918e+00  -1.74679108e+00]
 [  1.71731601e+00  -1.17697681e+00]
 [  1.72451200e+00  -1.57413487e+00]
 [  1.73674765e+00   4.93818258e-01]
 [  1.74457190e+00  -7.48816018e-01]
 [  1.74709397e+00   1.69818190e+00]
 [  1.74751522e+00   7.90823395e-02]
 [  1.50000000e+00   1.50000000e+00]
 [  9.25000000e-01   4.85000000e-01]]
---Predicted Probabilities---
[[ 0.169482    0.50985305  0.1602254   0.16043956]
 [ 0.17797075  0.47696394  0.17115085  0.17391446]
 [ 0.22386748  0.34035725  0.21627631  0.21949896]
 [ 0.2273626   0.33023584  0.21952861  0.22287295]
 [ 0.26808943  0.30607334  0.21594985  0.20988739]
 [ 0.189628    0.47800326  0.16768874  0.16468   ]
 [ 0.13265412  0.61031555  0.12744496  0.12958537]
 [ 0.10429388  0.69473571  0.09951067  0.10145974]
 [ 0.06378535  0.81240595  0.06143909  0.06236961]
 [ 0.19459698  0.4298135   0.1860408   0.18954872]
 [ 0.08895702  0.73949538  0.08495797  0.08658963]
 [ 0.17384797  0.52779255  0.15089836  0.14746111]
 [ 0.07643127  0.77909921  0.0712286   0.07324092]
 [ 0.25483356  0.38228765  0.18495057  0.17792821]
 [ 0.14846048  0.56433418  0.14240939  0.14479595]
 [ 0.09278003  0.72650124  0.08974614  0.09097259]
 [ 0.16662972  0.52821842  0.15253548  0.15261638]
 [ 0.09898151  0.70756054  0.09615878  0.09729917]
 [ 0.14548525  0.57392655  0.13899658  0.14159162]
 [ 0.1991635   0.4788463   0.16266303  0.15932718]
 [ 0.11802939  0.66293303  0.10907797  0.10995961]
 [ 0.12282681  0.64069446  0.11705387  0.11942486]
 [ 0.22186644  0.45015341  0.16673612  0.16124404]
 [ 0.20420777  0.53392779  0.13321433  0.12865011]
 [ 0.12358449  0.63863188  0.11774416  0.12003946]
 [ 0.52481356  0.23480312  0.12615488  0.11422844]
 [ 0.19677119  0.42945535  0.18427187  0.18950159]
 [ 0.13873512  0.59525025  0.1315254   0.13448923]
 [ 0.16017041  0.53961591  0.14751564  0.15269804]
 [ 0.21368582  0.52251474  0.13345632  0.13034313]
 [ 0.29377568  0.42455215  0.14368123  0.13799093]
 [ 0.16847389  0.5985051   0.1175606   0.11546041]
 [ 0.09925625  0.725041    0.08790341  0.08779934]
 [ 0.34304658  0.37044264  0.15719987  0.1293109 ]
 [ 0.11165701  0.68109596  0.10162937  0.10561766]
 [ 0.12656068  0.65014117  0.11178813  0.11151002]
 [ 0.17099859  0.51801669  0.15459933  0.15638539]
 [ 0.13190081  0.62190473  0.12086979  0.12532466]
 [ 0.17877193  0.49848724  0.16046685  0.16227398]
 [ 0.34115991  0.40978561  0.13139193  0.11766255]
 [ 0.14248062  0.5888145   0.1322621   0.13644278]
 [ 0.72521386  0.10898026  0.09018059  0.07562529]
 [ 0.17038178  0.50173904  0.16226549  0.16561369]
 [ 0.11854725  0.65921442  0.10926393  0.1129744 ]
 [ 0.119638    0.67794571  0.10142246  0.10099383]
 [ 0.26552898  0.51236089  0.11386724  0.10824289]
 [ 0.19129039  0.46238687  0.17216992  0.17415283]
 [ 0.75357523  0.08868719  0.0966716   0.06106598]
 [ 0.17309878  0.49193627  0.16601074  0.16895421]
 [ 0.17534742  0.49072548  0.16503155  0.16889555]
 [ 0.15971628  0.53298119  0.15205072  0.15525181]
 [ 0.19782547  0.42073632  0.18888493  0.19255327]
 [ 0.13717474  0.60651812  0.12737781  0.12892933]
 [ 0.19510814  0.42882442  0.18620806  0.18985937]
 [ 0.18079067  0.47335069  0.17144499  0.17441365]
 [ 0.24089602  0.4576982   0.15292996  0.14847582]
 [ 0.22460795  0.4408579   0.16891481  0.16561933]
 [ 0.27427333  0.44677361  0.14235687  0.13659619]
 [ 0.17121452  0.49454291  0.1660361   0.16820647]
 [ 0.15754392  0.63139616  0.10809592  0.10296399]
 [ 0.61038905  0.13223967  0.16606847  0.09130281]
 [ 0.175349    0.61042691  0.1101529   0.10407119]
 [ 0.68692455  0.0746985   0.17626966  0.06210728]
 [ 0.25256058  0.42578677  0.16364655  0.1580061 ]
 [ 0.68670607  0.14101384  0.09143751  0.08084258]
 [ 0.17019709  0.49568583  0.16623095  0.16788613]
 [ 0.15267393  0.55173033  0.14651307  0.14908267]
 [ 0.16056496  0.52814546  0.15435129  0.1569383 ]
 [ 0.1678272   0.51367401  0.15927108  0.15922771]
 [ 0.38544102  0.33081329  0.14634981  0.13739588]
 [ 0.1653674   0.51038995  0.16129631  0.16294634]
 [ 0.66131373  0.09519908  0.15946831  0.08401889]
 [ 0.7137366   0.08524421  0.12858907  0.07243011]
 [ 0.63825173  0.15999713  0.10774356  0.09400758]
 [ 0.64187488  0.15627526  0.10623351  0.09561635]
 [ 0.42702425  0.30484973  0.13877247  0.12935355]
 [ 0.65769666  0.11856466  0.12408244  0.09965624]
 [ 0.21152884  0.37913312  0.2029172   0.20642083]
 [ 0.15561568  0.55083652  0.14452573  0.14902206]
 [ 0.66330605  0.13169848  0.10886943  0.09612604]
 [ 0.24352671  0.48449114  0.13929245  0.1326897 ]
 [ 0.54215255  0.23038522  0.11862474  0.1088375 ]
 [ 0.18318214  0.45944172  0.17751716  0.17985899]
 [ 0.56648408  0.14889188  0.15930374  0.1253203 ]
 [ 0.68740199  0.09595712  0.13146376  0.08517713]
 [ 0.63857538  0.1599121   0.10615264  0.09535987]
 [ 0.11265594  0.67078369  0.10718396  0.1093764 ]
 [ 0.17888336  0.47560086  0.17118774  0.17432805]
 [ 0.16397472  0.51522696  0.15944124  0.16135708]
 [ 0.20402353  0.41241177  0.18962906  0.19393563]
 [ 0.0920022   0.73171876  0.08717343  0.08910562]
 [ 0.19488207  0.52324953  0.14292451  0.1389439 ]
 [ 0.20770296  0.38878117  0.20019838  0.20331749]
 [ 0.63811772  0.12803666  0.1262773   0.10756832]
 [ 0.57021248  0.15142641  0.15363339  0.12472772]
 [ 0.62444399  0.13434353  0.12870591  0.11250657]
 [ 0.07782771  0.77217343  0.0742807   0.07571816]
 [ 0.11596305  0.66156299  0.11003652  0.11243745]
 [ 0.1908462   0.44094205  0.18285058  0.18536116]
 [ 0.16518186  0.51425684  0.15897602  0.16158528]
 [ 0.57601293  0.13864247  0.16716321  0.11818139]
 [ 0.46481398  0.18088544  0.20049547  0.15380511]
 [ 0.16866558  0.5055188   0.16140282  0.1644128 ]
 [ 0.09408801  0.72593447  0.08895152  0.091026  ]
 [ 0.49819017  0.14601756  0.22840896  0.12738331]
 [ 0.18073709  0.47135915  0.17231416  0.1755896 ]
 [ 0.55816869  0.15243499  0.16067193  0.12872439]
 [ 0.72577361  0.09690863  0.09808026  0.07923751]
 [ 0.26831561  0.3445873   0.19708255  0.19001454]
 [ 0.14123239  0.63997424  0.11054516  0.10824821]
 [ 0.50196854  0.16656645  0.18958046  0.14188454]
 [ 0.50699168  0.16688486  0.18416797  0.14195549]
 [ 0.460929    0.17890191  0.20518676  0.15498234]
 [ 0.37704191  0.15244262  0.3357245   0.13479098]
 [ 0.3826485   0.17593179  0.28363098  0.15778873]
 [ 0.40309779  0.40116748  0.10204704  0.09368769]
 [ 0.72422317  0.09846839  0.09736392  0.07994452]
 [ 0.297682    0.51310159  0.09825117  0.09096525]
 [ 0.15177765  0.55793886  0.14347537  0.14680813]
 [ 0.52317547  0.28403738  0.10054396  0.09224319]
 [ 0.37269117  0.14989053  0.34464562  0.13277268]
 [ 0.35841608  0.14514516  0.36462063  0.13181813]
 [ 0.06168415  0.82509072  0.05537165  0.05785348]
 [ 0.59857938  0.14080059  0.13788928  0.12273074]
 [ 0.49940182  0.15680251  0.20459768  0.13919799]
 [ 0.71406272  0.09974542  0.10058437  0.08560748]
 [ 0.53008819  0.16388586  0.16669312  0.13933283]
 [ 0.64217472  0.12332426  0.12743981  0.1070612 ]
 [ 0.68632093  0.12938884  0.09696301  0.08732722]
 [ 0.40277509  0.13777295  0.33646499  0.12298696]
 [ 0.15744179  0.5435938   0.14743092  0.15153349]
 [ 0.09071247  0.74256502  0.08156364  0.08515888]
 [ 0.71804886  0.09783617  0.09888147  0.0852335 ]
 [ 0.11118147  0.67580421  0.10534339  0.10767092]
 [ 0.13211605  0.61651815  0.12402633  0.12733946]
 [ 0.65671952  0.12110452  0.12244921  0.09972676]
 [ 0.58919494  0.1242805   0.17515856  0.11136601]
 [ 0.64266901  0.1317694   0.11705775  0.10850385]
 [ 0.47879806  0.13876738  0.25857912  0.12385543]
 [ 0.69662089  0.10163801  0.10937461  0.09236648]
 [ 0.52174977  0.14015625  0.21167931  0.12641467]
 [ 0.10328908  0.69673598  0.09916465  0.10081029]
 [ 0.05775609  0.83524059  0.05270426  0.05429907]
 [ 0.08406417  0.76864138  0.07306856  0.07422588]
 [ 0.5711806   0.14730062  0.15343934  0.12807945]
 [ 0.15189928  0.56061105  0.14162639  0.14586328]
 [ 0.15128554  0.5564403   0.14478542  0.14748874]
 [ 0.68073364  0.11154759  0.11291753  0.09480124]
 [ 0.05773661  0.83533604  0.05241528  0.05451207]
 [ 0.17306406  0.4939198   0.16482856  0.16818758]
 [ 0.59759652  0.12570612  0.16313921  0.11355816]
 [ 0.63029786  0.12963668  0.1316236   0.10844186]
 [ 0.60579201  0.13760526  0.13967202  0.1169307 ]
 [ 0.15308472  0.56186597  0.14128136  0.14376795]
 [ 0.05453533  0.84491127  0.04924385  0.05130955]
 [ 0.63808296  0.1317645   0.12355864  0.1065939 ]
 [ 0.09946486  0.71027792  0.09403058  0.09622663]
 [ 0.07999109  0.77337171  0.07199064  0.07464656]
 [ 0.11596716  0.66316409  0.10903483  0.11183391]
 [ 0.10958213  0.68119777  0.10333279  0.10588731]
 [ 0.23018258  0.42972711  0.1713643   0.168726  ]
 [ 0.13660723  0.61624194  0.12366049  0.12349035]
 [ 0.12383377  0.65396276  0.10974307  0.1124604 ]
 [ 0.08520523  0.7561572   0.07783651  0.08080106]
 [ 0.63681575  0.12372021  0.13077195  0.10869209]
 [ 0.6197443   0.12759798  0.14009519  0.11256253]
 [ 0.48455369  0.16031466  0.20740076  0.1477309 ]
 [ 0.33450415  0.26910452  0.20535775  0.19103359]
 [ 0.45364305  0.17987116  0.20198183  0.16450397]
 [ 0.52607073  0.16190441  0.17150723  0.14051763]
 [ 0.60093832  0.13166634  0.15026966  0.11712568]
 [ 0.2468196   0.38017464  0.18953209  0.18347368]
 [ 0.08606232  0.75500745  0.07779043  0.0811398 ]
 [ 0.4321025   0.18628701  0.21618213  0.16542837]
 [ 0.46235551  0.18837683  0.18738351  0.16188416]
 [ 0.16869958  0.53019841  0.15083202  0.15026999]
 [ 0.18766027  0.45892522  0.17410305  0.17931146]
 [ 0.15137331  0.56910439  0.13980121  0.13972108]
 [ 0.13328209  0.61385555  0.12513182  0.12773054]
 [ 0.54688063  0.15371888  0.16701592  0.13238457]
 [ 0.56951431  0.13702407  0.17358011  0.11988151]
 [ 0.55903362  0.14891916  0.16382763  0.1282196 ]
 [ 0.2066859   0.51290935  0.14202272  0.13838202]
 [ 0.46419304  0.22925462  0.15856893  0.1479834 ]
 [ 0.11909936  0.6553301   0.11116465  0.11440589]
 [ 0.58684221  0.14531766  0.14493724  0.12290289]
 [ 0.15045005  0.56723633  0.14128138  0.14103224]
 [ 0.3899536   0.15394624  0.3127332   0.14336695]
 [ 0.25739165  0.19447652  0.35969466  0.18843717]
 [ 0.29252949  0.16004888  0.39672276  0.15069887]
 [ 0.08687076  0.75145104  0.07929509  0.0823831 ]
 [ 0.63792152  0.12165772  0.13549637  0.10492439]
 [ 0.14272836  0.59301211  0.13155412  0.13270541]
 [ 0.14536383  0.59505555  0.12999332  0.1295873 ]
 [ 0.4862331   0.10682353  0.30800366  0.09893971]
 [ 0.24811026  0.14537499  0.47126302  0.13525174]
 [ 0.62198552  0.10092026  0.18917751  0.08791672]
 [ 0.20357986  0.14712091  0.508063    0.14123623]
 [ 0.61318539  0.12989844  0.14256627  0.1143499 ]
 [ 0.60786703  0.13304892  0.14283905  0.116245  ]
 [ 0.67350469  0.11227987  0.11755667  0.09665876]
 [ 0.37797647  0.14428838  0.34373287  0.13400229]
 [ 0.08812403  0.74279531  0.08364002  0.08544064]
 [ 0.15304437  0.5602614   0.14087788  0.14581635]
 [ 0.2897739   0.34778492  0.18637673  0.17606445]
 [ 0.26621584  0.12691044  0.48667055  0.12020316]
 [ 0.26568969  0.14180635  0.45869426  0.13380969]
 [ 0.1556167   0.13934496  0.56554862  0.13948971]
 [ 0.11153878  0.67479569  0.10565535  0.10801018]
 [ 0.21729211  0.46156274  0.1638079   0.15733724]
 [ 0.16276298  0.5335211   0.14929118  0.15442474]
 [ 0.15701925  0.14240353  0.55740005  0.14317717]
 [ 0.63004036  0.11515889  0.14652933  0.10827142]
 [ 0.13030696  0.62941903  0.12029077  0.11998324]
 [ 0.58977427  0.14276784  0.14536458  0.12209331]
 [ 0.09082736  0.73874091  0.08379422  0.08663751]
 [ 0.1205731   0.65392952  0.11078559  0.11471179]
 [ 0.18043098  0.47275091  0.17161239  0.17520572]
 [ 0.06150576  0.82332037  0.05663184  0.05854203]
 [ 0.09751478  0.08861573  0.72521838  0.08865111]
 [ 0.16066216  0.53771795  0.14872594  0.15289395]
 [ 0.63398873  0.10641611  0.16330817  0.09628699]
 [ 0.13668153  0.60405653  0.12786566  0.13139628]
 [ 0.1221682   0.11090967  0.65402736  0.11289477]
 [ 0.1244635   0.6414888   0.11639652  0.11765119]
 [ 0.14652688  0.12224168  0.61000037  0.12123106]
 [ 0.42175431  0.14981679  0.29142891  0.13699999]
 [ 0.44622394  0.15536997  0.25682813  0.14157796]
 [ 0.10019185  0.71007408  0.09348638  0.09624768]
 [ 0.62863747  0.13314907  0.12531416  0.1128993 ]
 [ 0.12602454  0.63317145  0.11796242  0.1228416 ]
 [ 0.3056975   0.32948606  0.18712648  0.17768996]
 [ 0.1405653   0.10123171  0.65922107  0.09898192]
 [ 0.15791895  0.5402266   0.14914881  0.15270564]
 [ 0.12626119  0.63632943  0.11681243  0.12059694]
 [ 0.14807189  0.5680904   0.14034884  0.14348888]
 [ 0.30645584  0.35167281  0.17485093  0.16702042]
 [ 0.18564685  0.45755436  0.17653485  0.18026393]
 [ 0.20200763  0.40838976  0.19292932  0.19667329]
 [ 0.12658833  0.63475102  0.11751087  0.12114978]
 [ 0.18001817  0.5286016   0.14682692  0.14455331]
 [ 0.12645879  0.11242056  0.64812565  0.112995  ]
 [ 0.13252547  0.61496389  0.12454445  0.12796619]
 [ 0.13258452  0.0961402   0.67913066  0.09214463]
 [ 0.48928657  0.20929941  0.15526384  0.14615018]
 [ 0.70259403  0.10141483  0.10894023  0.08705091]
 [ 0.30626685  0.2020288   0.30259554  0.18910881]
 [ 0.084823    0.07512401  0.76306257  0.07699042]
 [ 0.14932165  0.5496258   0.14249533  0.15855722]
 [ 0.15337458  0.56032145  0.14099454  0.14530944]
 [ 0.46015196  0.14181051  0.27336131  0.12467623]
 [ 0.19348332  0.3831842   0.18959776  0.23373472]
 [ 0.12405653  0.63626445  0.11873686  0.12094216]
 [ 0.1663242   0.51226742  0.15657458  0.16483381]
 [ 0.15765439  0.53838178  0.15055325  0.15341059]
 [ 0.3528733   0.21437834  0.23611058  0.19663779]
 [ 0.24864128  0.20480485  0.35033131  0.19622256]
 [ 0.19486624  0.48385017  0.16271718  0.15856642]
 [ 0.16676538  0.41875593  0.16681603  0.24766266]
 [ 0.12788825  0.10936121  0.65452263  0.10822791]
 [ 0.17135468  0.47077275  0.16643072  0.19144185]
 [ 0.17320865  0.35048354  0.17487776  0.30143005]
 [ 0.29572482  0.33952938  0.18833299  0.17641281]
 [ 0.11823535  0.10558219  0.66891288  0.10726958]
 [ 0.14829771  0.57356046  0.13709278  0.14104905]
 [ 0.19751868  0.14981743  0.50603982  0.14662406]
 [ 0.2667109   0.37262016  0.18526902  0.17539991]
 [ 0.69395644  0.10651561  0.10866846  0.09085949]
 [ 0.6640183   0.1176446   0.11906665  0.09927045]
 [ 0.64906486  0.12314827  0.12428714  0.10349972]
 [ 0.20283764  0.56015581  0.12029738  0.11670916]
 [ 0.17830783  0.39038966  0.17881136  0.25249114]
 [ 0.30509279  0.3308988   0.18785221  0.1761562 ]
 [ 0.15445994  0.55443572  0.1435926   0.14751174]
 [ 0.16209192  0.52916432  0.15245236  0.1562914 ]
 [ 0.12667377  0.10321675  0.66879518  0.1013143 ]
 [ 0.31799524  0.35720137  0.16705452  0.15774888]
 [ 0.69988093  0.10370658  0.1059835   0.09042899]
 [ 0.14513671  0.62732557  0.11506453  0.11247319]
 [ 0.11191578  0.09137871  0.70744828  0.08925723]
 [ 0.14707364  0.10993464  0.63655897  0.10643274]
 [ 0.15175095  0.59720726  0.12639482  0.12464697]
 [ 0.10271049  0.08184032  0.73497561  0.08047358]
 [ 0.17854407  0.253191    0.1846752   0.38358973]
 [ 0.43006969  0.18485006  0.2159995   0.16908076]
 [ 0.51900514  0.17349433  0.16431989  0.14318064]
 [ 0.18463697  0.46141998  0.17376917  0.18017387]
 [ 0.6626227   0.11369524  0.12232465  0.10135741]
 [ 0.32469794  0.1666894   0.35392755  0.15468512]
 [ 0.5247426   0.20829871  0.13669344  0.13026524]
 [ 0.53157648  0.1658089   0.16349642  0.1391182 ]
 [ 0.21968426  0.31794568  0.21689635  0.24547371]
 [ 0.54794162  0.14382656  0.17806788  0.13016393]
 [ 0.42103981  0.3024505   0.14310685  0.13340284]
 [ 0.34666521  0.38140556  0.13889438  0.13303484]
 [ 0.53375888  0.17038857  0.15736492  0.13848763]
 [ 0.30042055  0.40681541  0.14997105  0.14279298]
 [ 0.56432966  0.19996112  0.12011475  0.11559447]
 [ 0.20443866  0.07380098  0.65481397  0.06694638]
 [ 0.14804623  0.59931222  0.12655129  0.12609025]
 [ 0.20888805  0.06870663  0.65948012  0.0629252 ]
 [ 0.45673217  0.32416903  0.11216079  0.106938  ]
 [ 0.43054482  0.32835749  0.12418619  0.11691149]
 [ 0.22163875  0.35638282  0.20234025  0.21963817]
 [ 0.65361788  0.14596188  0.10634074  0.0940795 ]
 [ 0.14804148  0.58936002  0.13080179  0.13179671]
 [ 0.2471852   0.51063108  0.1244696   0.11771412]
 [ 0.14327594  0.1579963   0.15377991  0.54494785]
 [ 0.21578925  0.36657958  0.20703092  0.21060024]
 [ 0.16162783  0.53514548  0.15024356  0.15298313]
 [ 0.1468432   0.60680718  0.12326365  0.12308596]
 [ 0.32147838  0.4421139   0.11889359  0.11751413]
 [ 0.68512276  0.11295799  0.10972621  0.09219304]
 [ 0.16539152  0.18323567  0.17882488  0.47254794]
 [ 0.46548655  0.32621368  0.10993227  0.09836749]
 [ 0.19729622  0.21331389  0.20238442  0.38700548]
 [ 0.67716608  0.10492558  0.12652031  0.09138803]
 [ 0.17155566  0.18466385  0.18215449  0.461626  ]
 [ 0.19260424  0.20827469  0.19775789  0.40136318]
 [ 0.6242937   0.06697819  0.24617206  0.06255605]
 [ 0.71519252  0.10911114  0.09563746  0.08005887]
 [ 0.21970435  0.30542384  0.20986372  0.26500808]
 [ 0.67600201  0.11083126  0.11277223  0.10039449]
 [ 0.20988331  0.25057454  0.21166295  0.3278792 ]
 [ 0.50133417  0.16293745  0.19100208  0.14472629]
 [ 0.64933416  0.12019922  0.13011975  0.10034687]
 [ 0.45340255  0.35287821  0.10414811  0.08957113]
 [ 0.64861285  0.12386262  0.12489236  0.10263217]
 [ 0.67233489  0.11599318  0.11606835  0.09560359]
 [ 0.43140441  0.37763155  0.10279267  0.08817137]
 [ 0.50947914  0.15230987  0.1999521   0.13825889]
 [ 0.22044053  0.37395379  0.1736958   0.23190988]
 [ 0.65197387  0.12273721  0.12364133  0.10164759]
 [ 0.12297526  0.64729424  0.11394647  0.11578404]
 [ 0.72489317  0.10797499  0.09085706  0.07627478]
 [ 0.60806473  0.15414397  0.13306935  0.10472195]
 [ 0.62040118  0.13309965  0.14320521  0.10329395]
 [ 0.18273118  0.46346773  0.17548544  0.17831566]
 [ 0.52927279  0.14170793  0.20036714  0.12865215]
 [ 0.13682901  0.14724294  0.14613942  0.56978862]
 [ 0.10181067  0.7359471   0.08116271  0.08107952]
 [ 0.56368491  0.14076084  0.167088    0.12846625]
 [ 0.60569196  0.13226161  0.14163594  0.1204105 ]
 [ 0.66603495  0.11775925  0.11827208  0.09793373]
 [ 0.110377    0.74594965  0.07226497  0.07140839]
 [ 0.58669533  0.10742767  0.21119481  0.09468219]
 [ 0.1163501   0.6652312   0.10829458  0.11012412]
 [ 0.14379005  0.57865534  0.13769477  0.13985985]
 [ 0.68656681  0.13781437  0.09357496  0.08204385]
 [ 0.41776362  0.15898225  0.27612337  0.14713076]
 [ 0.19760624  0.20758761  0.20663988  0.38816627]
 [ 0.12131749  0.13123694  0.1296068   0.61783877]
 [ 0.21779863  0.33215664  0.14853263  0.3015121 ]
 [ 0.12966651  0.61908656  0.12480261  0.12644432]
 [ 0.41705858  0.40082465  0.0938976   0.08821917]
 [ 0.37510726  0.15464782  0.32459477  0.14565014]
 [ 0.36651153  0.17213219  0.30336991  0.15798636]
 [ 0.36131449  0.46190012  0.09019296  0.08659243]
 [ 0.70788652  0.10386049  0.10117317  0.08707981]
 [ 0.12418566  0.13640455  0.1344682   0.6049416 ]
 [ 0.29704591  0.14139859  0.42692449  0.13463101]
 [ 0.22529874  0.44897938  0.13228277  0.19343911]
 [ 0.15996929  0.1737267   0.17235949  0.49394452]
 [ 0.2369098   0.49372092  0.12438635  0.14498293]
 [ 0.29398812  0.52185515  0.09292045  0.09123628]
 [ 0.19880876  0.13656081  0.56844599  0.09618443]
 [ 0.16408932  0.22780269  0.15070974  0.45739825]
 [ 0.23548043  0.34793445  0.32199926  0.09458585]
 [ 0.1912207   0.40787423  0.14182798  0.2590771 ]
 [ 0.10265034  0.11168009  0.11072453  0.67494504]
 [ 0.13783054  0.15637057  0.15132109  0.5544778 ]
 [ 0.16763944  0.57181087  0.17115791  0.08939178]
 [ 0.11850725  0.13502844  0.13323985  0.61322446]
 [ 0.21807805  0.53555709  0.12397865  0.12238622]
 [ 0.09508142  0.10407835  0.10318885  0.69765138]
 [ 0.20446317  0.15023892  0.50422692  0.14107099]
 [ 0.18568903  0.1371725   0.54637015  0.13076832]
 [ 0.22333659  0.17190869  0.43925543  0.16549928]
 [ 0.21790412  0.16634538  0.45538615  0.16036436]
 [ 0.11585548  0.46186209  0.33674855  0.08553387]
 [ 0.18447445  0.13890784  0.54415686  0.13246084]
 [ 0.11154519  0.12740647  0.12520559  0.63584275]
 [ 0.47223926  0.23575115  0.15528007  0.13672951]
 [ 0.303284    0.40415113  0.1496765   0.14288837]
 [ 0.27444344  0.18487134  0.37083473  0.16985049]
 [ 0.1530809   0.35509366  0.15038069  0.34144475]
 [ 0.19107076  0.44386113  0.18108691  0.18398119]
 [ 0.11470712  0.13047242  0.12881813  0.62600232]
 [ 0.0982634   0.11239575  0.1108228   0.67851806]
 [ 0.11796314  0.13180095  0.13030633  0.61992958]
 [ 0.20249507  0.43355179  0.1811628   0.18279034]
 [ 0.1317649   0.21496625  0.14066827  0.51260058]
 [ 0.29961485  0.18765446  0.34416806  0.16856263]
 [ 0.24721391  0.16670646  0.4280641   0.15801553]
 [ 0.17736658  0.09045014  0.64701296  0.08517032]
 [ 0.07982814  0.09166733  0.09037345  0.73813108]
 [ 0.10238527  0.11899004  0.11718155  0.66144314]
 [ 0.12458345  0.45666704  0.23751315  0.18123636]
 [ 0.18955879  0.08271592  0.65469268  0.07303262]
 [ 0.129553    0.385971    0.3615551   0.12292089]
 [ 0.06550514  0.07301873  0.07219243  0.7892837 ]
 [ 0.34680876  0.17838571  0.3093417   0.16546383]
 [ 0.37413887  0.1979133   0.26401243  0.16393539]
 [ 0.12124217  0.6709978   0.1040349   0.10372513]
 [ 0.11888215  0.66704107  0.10652163  0.10755514]
 [ 0.36306498  0.16751873  0.3187126   0.1507037 ]
 [ 0.37226938  0.17527398  0.29377576  0.15868088]
 [ 0.22981608  0.32345688  0.22181293  0.22491411]
 [ 0.39083563  0.177265    0.2762955   0.15560387]
 [ 0.25812408  0.50648732  0.12083726  0.11455134]
 [ 0.14044212  0.43719257  0.22050309  0.20186222]
 [ 0.1479329   0.5726437   0.13862685  0.14079655]
