Final Kernel (Labels 0 v.s. 1): 1.000*gaussian{0.128} 
Final Kernel (Labels 0 v.s. 2): 1.000*gaussian{0.127} 
Final Kernel (Labels 0 v.s. 3): 1.000*gaussian{0.149} 
Final Kernel (Labels 1 v.s. 2): 1.000*gaussian{0.138} 
Final Kernel (Labels 1 v.s. 3): 1.000*gaussian{0.134} 
Final Kernel (Labels 2 v.s. 3): 1.000*gaussian{0.135} 

===Prediction Results===
---Prediction Features---
[[ -1.74868187e+00  -2.27249578e-01]
 [ -1.74258717e+00   9.92278086e-01]
 [ -1.73478958e+00   8.65637998e-01]
 [ -1.72540764e+00   8.33417561e-01]
 [ -1.71702040e+00   8.34537725e-02]
 [ -1.71599109e+00  -7.68345181e-02]
 [ -1.70726985e+00  -1.47453156e+00]
 [ -1.70486852e+00   1.20600023e+00]
 [ -1.70320445e+00  -1.10389404e+00]
 [ -1.69647026e+00   6.52120348e-01]
 [ -1.69070019e+00  -1.17046079e+00]
 [ -1.68757048e+00  -1.14469655e-01]
 [ -1.68063520e+00  -8.87613104e-01]
 [ -1.67895253e+00   1.61822552e-02]
 [ -1.67442321e+00  -1.67563573e+00]
 [ -1.67114447e+00   1.12369984e+00]
 [ -1.64108299e+00   4.10388053e-01]
 [ -1.62867629e+00  -1.53773240e+00]
 [ -1.61395200e+00   9.69797486e-01]
 [ -1.59995953e+00   3.58098781e-01]
 [ -1.59776277e+00   4.75949920e-01]
 [ -1.58414931e+00  -1.46063285e+00]
 [ -1.58246597e+00   3.37568536e-01]
 [ -1.58141802e+00  -2.82564238e-01]
 [ -1.54962252e+00   1.02792641e+00]
 [ -1.53456141e+00   6.07167321e-02]
 [ -1.53116580e+00  -1.26868558e+00]
 [ -1.52895080e+00  -1.45369926e+00]
 [ -1.50825936e+00  -1.06782156e+00]
 [ -1.50665035e+00  -6.62982336e-01]
 [ -1.50311872e+00  -5.85475933e-01]
 [ -1.49242239e+00  -7.13547217e-01]
 [ -1.47016022e+00   6.84986916e-01]
 [ -1.46599163e+00  -2.24626252e-01]
 [ -1.46214125e+00   1.37381580e+00]
 [ -1.45646779e+00   7.51873739e-01]
 [ -1.45577240e+00   8.62376700e-01]
 [ -1.44217838e+00   1.30623398e+00]
 [ -1.43701350e+00   8.86320871e-01]
 [ -1.42958342e+00   3.28484892e-01]
 [ -1.42699051e+00   1.25298425e+00]
 [ -1.42364250e+00   1.63769238e-01]
 [ -1.42256855e+00  -1.43285014e+00]
 [ -1.40701812e+00   1.44565391e+00]
 [ -1.40097680e+00  -8.35726964e-01]
 [ -1.39833183e+00  -6.81729302e-01]
 [ -1.38936807e+00   9.59167894e-01]
 [ -1.38685967e+00   5.74468543e-02]
 [ -1.38628621e+00  -1.42777351e+00]
 [ -1.38264247e+00  -1.01575340e+00]
 [ -1.36927186e+00   1.22425206e+00]
 [ -1.36085794e+00  -1.62062308e+00]
 [ -1.35344312e+00  -9.31558115e-01]
 [ -1.34400545e+00  -1.58746735e+00]
 [ -1.33153835e+00   1.13313402e+00]
 [ -1.32064238e+00   8.17939257e-01]
 [ -1.30476135e+00   9.07057337e-01]
 [ -1.30425936e+00   7.71204143e-01]
 [ -1.30230098e+00  -1.47601284e+00]
 [ -1.28880714e+00  -7.96679846e-01]
 [ -1.28662497e+00  -3.20690611e-01]
 [ -1.28558556e+00  -7.79875154e-01]
 [ -1.27810452e+00   6.81435137e-02]
 [ -1.26674541e+00   8.93059527e-01]
 [ -1.26022090e+00  -5.70791798e-01]
 [ -1.24182428e+00  -1.38740386e+00]
 [ -1.22704712e+00   1.63260156e+00]
 [ -1.22632068e+00   1.65395281e+00]
 [ -1.22182377e+00  -9.76477844e-01]
 [ -1.19530537e+00   8.44974035e-01]
 [ -1.18448383e+00  -1.43017577e+00]
 [ -1.18325362e+00   1.53576723e-01]
 [ -1.18292198e+00  -3.59178206e-01]
 [ -1.17698643e+00  -6.14571723e-01]
 [ -1.16353556e+00   5.39317233e-01]
 [ -1.16224710e+00   8.47895018e-01]
 [ -1.15083805e+00   2.64955363e-01]
 [ -1.14051680e+00  -1.24319661e+00]
 [ -1.13086330e+00   1.44545722e+00]
 [ -1.10513929e+00  -6.07547786e-01]
 [ -1.09043399e+00   9.86020899e-01]
 [ -1.08996085e+00   8.37326133e-01]
 [ -1.08946015e+00  -1.51330863e+00]
 [ -1.08327004e+00   2.64850305e-01]
 [ -1.08155118e+00  -3.84582755e-01]
 [ -1.08035962e+00   7.87829694e-01]
 [ -1.07453954e+00   1.60925123e+00]
 [ -1.07065125e+00   1.72119003e+00]
 [ -1.06452160e+00  -1.41450647e+00]
 [ -1.05577339e+00   1.22627611e+00]
 [ -1.05214761e+00   1.52955958e+00]
 [ -1.05091538e+00   1.05303624e+00]
 [ -1.04167502e+00  -1.58714948e+00]
 [ -1.02070171e+00  -5.61587616e-01]
 [ -1.01432651e+00   3.35520304e-01]
 [ -1.01263104e+00  -6.01045200e-01]
 [ -1.00741081e+00   1.54564219e+00]
 [ -1.00702230e+00   1.64044887e+00]
 [ -9.98360882e-01  -1.19681125e+00]
 [ -9.97114754e-01  -1.42567303e+00]
 [ -9.96658198e-01  -4.28386679e-01]
 [ -9.85807403e-01   2.06645237e-01]
 [ -9.83175140e-01  -1.37274154e+00]
 [ -9.75818995e-01   1.60686360e+00]
 [ -9.75102667e-01  -3.57142268e-01]
 [ -9.73807863e-01  -1.26973583e+00]
 [ -9.62323330e-01  -5.15671245e-01]
 [ -9.54612181e-01   5.90531865e-01]
 [ -9.50923740e-01  -9.76377459e-01]
 [ -9.35662010e-01   1.09760654e+00]
 [ -9.21401436e-01  -4.70455631e-01]
 [ -9.18622189e-01  -4.89197070e-01]
 [ -9.08799583e-01   1.30065033e-01]
 [ -9.02504706e-01  -2.94901488e-01]
 [ -8.94436411e-01  -2.90385964e-03]
 [ -8.91966973e-01   9.28753689e-01]
 [ -8.81815975e-01   6.67053796e-01]
 [ -8.79008217e-01   9.65103424e-01]
 [ -8.67654342e-01  -1.56491134e+00]
 [ -8.66501230e-01   8.92353310e-01]
 [ -8.64819462e-01  -2.90249488e-01]
 [ -8.61263240e-01  -1.24928502e-01]
 [ -8.49458058e-01   1.44407743e+00]
 [ -8.45732441e-01  -7.22666995e-01]
 [ -8.43990650e-01   3.59417565e-02]
 [ -8.38065693e-01   4.45011487e-01]
 [ -8.36366675e-01  -6.12141907e-01]
 [ -8.28414817e-01   1.88508255e-01]
 [ -8.12877379e-01   7.96870621e-01]
 [ -7.98807425e-01  -2.57112070e-01]
 [ -7.98196158e-01  -1.33894076e+00]
 [ -7.97965073e-01   1.58930944e+00]
 [ -7.96361121e-01   2.81138467e-01]
 [ -7.79216163e-01  -1.52594071e+00]
 [ -7.61120887e-01   1.67679399e+00]
 [ -7.59485974e-01   5.03128363e-01]
 [ -7.55640461e-01  -2.52941731e-02]
 [ -7.47861114e-01  -7.77955914e-01]
 [ -7.40422029e-01  -2.92857350e-01]
 [ -7.33139310e-01   8.63280399e-02]
 [ -7.27167458e-01  -3.47499697e-01]
 [ -7.21319696e-01  -1.60194485e+00]
 [ -7.13498244e-01   1.27061111e+00]
 [ -6.86836011e-01   1.18028861e+00]
 [ -6.86623158e-01  -5.17092216e-01]
 [ -6.75327014e-01  -1.34785220e+00]
 [ -6.57717068e-01   1.71661944e+00]
 [ -6.57192664e-01   3.36704923e-01]
 [ -6.56249337e-01   1.50569673e+00]
 [ -6.39814415e-01  -1.71925684e+00]
 [ -6.39458796e-01  -1.08876638e-01]
 [ -6.35651180e-01   4.36735752e-01]
 [ -6.29381878e-01   5.14996483e-01]
 [ -6.22545001e-01  -1.17909231e+00]
 [ -6.16908956e-01   1.40788810e+00]
 [ -6.01455963e-01  -7.32968998e-01]
 [ -5.96915485e-01  -1.49987745e+00]
 [ -5.92510345e-01   1.25957445e+00]
 [ -5.87087707e-01  -1.60591518e+00]
 [ -5.78636059e-01  -1.46490767e+00]
 [ -5.69611765e-01   1.02342036e+00]
 [ -5.60247513e-01  -1.12384882e+00]
 [ -5.59745994e-01   1.16729111e+00]
 [ -5.47455292e-01   1.55388440e+00]
 [ -5.24493949e-01  -5.59264429e-01]
 [ -5.15238516e-01   4.38604341e-01]
 [ -5.13727471e-01  -1.97428123e-01]
 [ -5.08335618e-01   8.85584762e-01]
 [ -4.97135114e-01   7.40272535e-03]
 [ -4.94863739e-01   6.45446878e-01]
 [ -4.94834477e-01   3.92502540e-01]
 [ -4.93631430e-01   9.79850835e-01]
 [ -4.83733219e-01   1.43374818e+00]
 [ -4.83149237e-01   2.06579097e-01]
 [ -4.78878885e-01   7.40629528e-01]
 [ -4.58746203e-01   1.07424493e+00]
 [ -4.31815909e-01  -1.25792622e+00]
 [ -4.28537923e-01   1.10182255e+00]
 [ -4.13194548e-01   1.20029201e+00]
 [ -4.03809329e-01   7.02198307e-01]
 [ -3.96980745e-01  -5.31327342e-01]
 [ -3.91731621e-01   7.02087868e-01]
 [ -3.87182621e-01  -1.00229722e+00]
 [ -3.84685044e-01  -8.48890778e-01]
 [ -3.61441745e-01  -1.46427119e+00]
 [ -3.60711553e-01  -7.02021169e-01]
 [ -3.57881081e-01   1.12300557e+00]
 [ -3.55738970e-01   3.09317541e-01]
 [ -3.46650621e-01   1.77252886e-02]
 [ -3.22402132e-01   2.66062659e-01]
 [ -3.22128385e-01   1.45247527e+00]
 [ -3.09841480e-01   7.30317714e-01]
 [ -3.05382793e-01  -1.13564412e+00]
 [ -3.01511537e-01  -1.09164492e+00]
 [ -2.87951553e-01   4.49751089e-01]
 [ -2.75011325e-01  -3.51453624e-01]
 [ -2.72878448e-01   6.06468364e-01]
 [ -2.66907752e-01   2.29381341e-01]
 [ -2.60907333e-01  -6.20025844e-01]
 [ -2.56327383e-01  -6.34712838e-01]
 [ -2.51821764e-01   7.64860055e-01]
 [ -2.44332187e-01  -4.22485540e-01]
 [ -2.37962014e-01   1.72566092e+00]
 [ -2.33140981e-01  -1.33912140e+00]
 [ -2.30816538e-01   9.97493824e-01]
 [ -2.26932515e-01   3.46420055e-01]
 [ -2.23033445e-01  -3.66383689e-01]
 [ -2.22726676e-01  -1.74890162e-02]
 [ -2.15048139e-01  -1.62663424e+00]
 [ -2.08866922e-01  -9.97998220e-01]
 [ -2.05731954e-01   1.28619516e+00]
 [ -1.98073531e-01   5.52732470e-02]
 [ -1.95308249e-01  -5.59123001e-01]
 [ -1.92297337e-01  -1.12772632e+00]
 [ -1.82506510e-01  -6.91649735e-01]
 [ -1.78314236e-01   1.41606296e+00]
 [ -1.74822107e-01   1.36033298e+00]
 [ -1.69508548e-01  -1.73035281e+00]
 [ -1.61575945e-01   1.56147406e+00]
 [ -1.56422245e-01  -1.64775867e-01]
 [ -1.45046906e-01   1.27072435e+00]
 [ -1.37785012e-01   6.45734608e-01]
 [ -1.12947847e-01  -1.62883933e+00]
 [ -1.10498381e-01  -1.54920792e-02]
 [ -9.16694006e-02  -1.21633221e+00]
 [ -8.56042220e-02   2.79348142e-01]
 [ -8.08856640e-02   5.57680477e-01]
 [ -6.04568558e-02   5.87197898e-01]
 [ -6.01272730e-02   1.44165166e+00]
 [ -5.93726518e-02  -8.16859468e-01]
 [ -5.91761238e-02   1.68710473e+00]
 [ -4.96441841e-02   1.02577343e+00]
 [ -4.72885461e-02  -3.31876287e-01]
 [ -3.81480401e-02  -1.66182964e+00]
 [ -2.62140845e-02  -1.44538563e+00]
 [ -1.67761025e-02  -1.64680053e+00]
 [ -5.29386991e-03   1.02371818e+00]
 [ -5.22585144e-03  -1.71142732e+00]
 [ -2.39332612e-03  -1.74211666e+00]
 [ -2.24339413e-03  -1.44896102e+00]
 [ -3.08495842e-04  -1.13237762e+00]
 [  1.76652490e-02   2.84826285e-01]
 [  1.99580518e-02   1.36893874e+00]
 [  3.22666680e-02  -3.73996582e-01]
 [  3.50759330e-02   9.07237655e-01]
 [  4.24227733e-02  -7.06630909e-01]
 [  5.60642362e-02   5.76436255e-01]
 [  6.67167460e-02  -1.25107290e-01]
 [  7.13914632e-02   1.55442056e+00]
 [  7.55937910e-02  -1.36681295e+00]
 [  8.53900515e-02  -5.43891857e-01]
 [  8.61514076e-02   1.72627768e+00]
 [  1.03694496e-01  -1.57396870e+00]
 [  1.11869128e-01   1.39909612e+00]
 [  1.14110497e-01  -1.67605569e+00]
 [  1.20621761e-01   6.74338919e-01]
 [  1.25529541e-01   5.36008737e-01]
 [  1.31025052e-01  -1.16809576e+00]
 [  1.41302689e-01   1.65561474e+00]
 [  1.59957061e-01   3.22966679e-01]
 [  1.62583926e-01   1.46306628e+00]
 [  1.65892831e-01   1.69811511e+00]
 [  1.70137625e-01  -1.07192324e+00]
 [  1.78856458e-01   3.78151811e-02]
 [  1.85976038e-01  -1.47070812e+00]
 [  2.07513558e-01   3.90684223e-01]
 [  2.11641244e-01  -1.12919415e+00]
 [  2.21603994e-01  -7.46897825e-01]
 [  2.32925111e-01  -7.71251724e-01]
 [  2.35560962e-01  -7.82860462e-01]
 [  2.35563688e-01   1.00142273e+00]
 [  2.44257131e-01   1.48472235e+00]
 [  2.49011541e-01  -1.12329444e+00]
 [  2.61758375e-01  -1.52517258e+00]
 [  2.63817703e-01  -1.60157244e+00]
 [  2.68081140e-01   1.37400030e-01]
 [  2.83587833e-01   9.03741731e-01]
 [  2.92021619e-01  -7.07625585e-01]
 [  2.99310272e-01   1.05833391e+00]
 [  3.12216562e-01  -2.63201951e-01]
 [  3.12282541e-01   1.04119816e-01]
 [  3.19571739e-01  -1.35947444e+00]
 [  3.25074557e-01  -1.01809780e-01]
 [  3.70006932e-01   1.50943955e+00]
 [  3.71864113e-01   5.05033914e-01]
 [  3.77586189e-01  -1.00254922e+00]
 [  3.83898398e-01   1.16604716e+00]
 [  3.84208277e-01  -5.83755461e-01]
 [  3.94708050e-01  -3.88717376e-01]
 [  3.96979926e-01  -1.14536527e+00]
 [  3.97369280e-01  -9.59391870e-01]
 [  4.05168939e-01   1.28681136e+00]
 [  4.05451938e-01  -4.98890190e-01]
 [  4.18501563e-01   8.55065861e-01]
 [  4.18642439e-01  -1.24731056e+00]
 [  4.20532466e-01   6.25992122e-01]
 [  4.33692920e-01   9.36140458e-01]
 [  4.41201448e-01  -1.16030076e+00]
 [  4.42351160e-01   1.17772441e-02]
 [  4.68248533e-01  -1.42571080e+00]
 [  4.71519853e-01  -9.40264491e-02]
 [  4.86452766e-01   8.51546085e-01]
 [  5.01751680e-01  -1.22459113e+00]
 [  5.06829082e-01   1.11294314e+00]
 [  5.22988300e-01   6.32328289e-01]
 [  5.30598460e-01  -1.46047847e+00]
 [  5.36280802e-01  -1.29787217e+00]
 [  5.36305717e-01   1.61186281e+00]
 [  5.37998819e-01  -1.69220452e+00]
 [  5.42955427e-01  -1.53603324e+00]
 [  5.45461763e-01  -1.42719956e+00]
 [  5.48728651e-01   9.08836978e-01]
 [  5.50800196e-01  -9.54162513e-01]
 [  5.53340729e-01   1.53617302e+00]
 [  5.81360384e-01  -1.19042115e+00]
 [  5.82868874e-01   1.29141957e+00]
 [  5.87173918e-01   3.28042171e-01]
 [  5.96991377e-01   1.43429785e+00]
 [  6.05489048e-01   1.27654532e+00]
 [  6.09805507e-01  -8.46700156e-02]
 [  6.12707420e-01  -9.92710291e-01]
 [  6.13167793e-01   1.11159174e+00]
 [  6.15869673e-01  -5.94874862e-01]
 [  6.27720578e-01   1.17650225e+00]
 [  6.31203400e-01  -3.88506127e-01]
 [  6.31579873e-01   3.89402997e-01]
 [  6.42166122e-01  -1.17336802e+00]
 [  6.45019256e-01  -8.29038913e-01]
 [  6.56598636e-01  -8.67901803e-01]
 [  6.57772604e-01  -1.17772222e+00]
 [  6.75040704e-01  -3.02906553e-01]
 [  6.80606591e-01   9.85892894e-01]
 [  6.87308721e-01  -8.33849085e-01]
 [  6.91763279e-01  -1.57344348e+00]
 [  6.92028958e-01  -9.92599666e-01]
 [  6.93680377e-01   4.92324957e-01]
 [  6.94932701e-01   4.15738736e-01]
 [  6.97193855e-01  -1.73087332e+00]
 [  7.07821721e-01  -2.30666931e-01]
 [  7.13799449e-01   1.50537237e+00]
 [  7.15727326e-01  -1.45920593e+00]
 [  7.19418214e-01  -4.93504260e-01]
 [  7.19480861e-01  -5.93054669e-01]
 [  7.22387152e-01  -8.50276423e-01]
 [  7.48133815e-01  -1.41148660e+00]
 [  7.52357307e-01   2.00830696e-01]
 [  7.54675291e-01  -1.60379899e+00]
 [  7.56271948e-01  -1.69294103e+00]
 [  8.00079448e-01  -1.05645858e+00]
 [  8.02551649e-01  -2.33485841e-01]
 [  8.04488378e-01   1.72725411e+00]
 [  8.12979293e-01   1.27704397e+00]
 [  8.15269865e-01   8.51774174e-01]
 [  8.17406422e-01  -1.69072245e+00]
 [  8.25472439e-01  -1.21090221e+00]
 [  8.29008653e-01  -2.71312718e-01]
 [  8.35190604e-01  -1.68644924e-01]
 [  8.37256837e-01  -1.23998610e+00]
 [  8.61080774e-01  -9.21747826e-01]
 [  8.65671991e-01   1.22239675e+00]
 [  8.73621341e-01  -3.62162500e-01]
 [  8.73754639e-01   7.38431553e-01]
 [  8.73849650e-01   1.61488169e+00]
 [  8.74752178e-01   6.88911345e-01]
 [  8.77726788e-01  -1.28092544e+00]
 [  8.92807242e-01   3.01169995e-01]
 [  8.95687986e-01   9.01714493e-01]
 [  8.98647828e-01   4.55764926e-01]
 [  9.05680350e-01   7.73680636e-01]
 [  9.25735699e-01   1.25168201e+00]
 [  9.26170340e-01   1.08326883e+00]
 [  9.28563618e-01   5.55583969e-01]
 [  9.45477557e-01   1.47776746e+00]
 [  9.68909487e-01  -1.33899823e+00]
 [  9.74371155e-01   1.27513923e+00]
 [  9.77043997e-01  -4.62494160e-01]
 [  9.82150220e-01  -3.40076360e-01]
 [  9.87748880e-01  -1.79240752e-01]
 [  9.87851838e-01  -1.37093840e-01]
 [  9.91625803e-01   4.76556057e-01]
 [  9.93789887e-01  -3.37238853e-01]
 [  9.99427809e-01   1.09936738e+00]
 [  9.99509619e-01  -1.03742745e+00]
 [  9.99774091e-01  -1.20754516e+00]
 [  1.00625804e+00  -5.58456287e-01]
 [  1.00666945e+00   7.77326552e-01]
 [  1.01159041e+00  -1.61549816e+00]
 [  1.01815799e+00   1.56177058e+00]
 [  1.03818793e+00   1.11785972e+00]
 [  1.06680722e+00   1.70822672e+00]
 [  1.07288706e+00  -1.45343782e+00]
 [  1.08721186e+00   8.12924251e-01]
 [  1.09476762e+00  -5.50220099e-01]
 [  1.09568733e+00  -3.14497216e-01]
 [  1.10104635e+00  -2.40136811e-02]
 [  1.10389454e+00   1.10890383e+00]
 [  1.11213967e+00   1.32211916e+00]
 [  1.12376293e+00   5.32362984e-01]
 [  1.13366678e+00   7.58323255e-03]
 [  1.13699809e+00   3.69259150e-01]
 [  1.13807303e+00   1.58946979e+00]
 [  1.16494583e+00  -2.77002240e-01]
 [  1.16702446e+00  -5.60557406e-01]
 [  1.16815125e+00  -1.19807321e+00]
 [  1.18282623e+00  -1.26439891e+00]
 [  1.18391961e+00  -1.72649631e-01]
 [  1.18612877e+00  -2.08999049e-01]
 [  1.18677494e+00  -1.58488216e+00]
 [  1.18950311e+00  -4.72972042e-01]
 [  1.19392130e+00  -9.68986707e-01]
 [  1.19569875e+00   4.91691792e-01]
 [  1.20480419e+00  -1.37986799e+00]
 [  1.20722983e+00   7.75711943e-01]
 [  1.20859306e+00  -9.83232105e-01]
 [  1.21409889e+00  -1.28118108e+00]
 [  1.21715554e+00  -7.81131971e-01]
 [  1.23130220e+00   1.55871468e+00]
 [  1.23951711e+00   1.61518992e+00]
 [  1.24388045e+00  -1.65640209e+00]
 [  1.24697967e+00  -1.66791910e+00]
 [  1.26065093e+00   8.01389938e-01]
 [  1.26430628e+00   9.98602798e-01]
 [  1.27345618e+00   8.52579135e-01]
 [  1.27707732e+00   1.19655662e+00]
 [  1.28048985e+00   1.32554441e+00]
 [  1.28228551e+00  -1.00958000e+00]
 [  1.28635627e+00  -2.36385417e-01]
 [  1.29012606e+00   2.70115536e-01]
 [  1.29484899e+00  -1.48965838e+00]
 [  1.29500739e+00  -1.29288108e+00]
 [  1.30420368e+00  -7.31787015e-01]
 [  1.30710390e+00   7.86139864e-01]
 [  1.31132656e+00   6.60281414e-01]
 [  1.31236186e+00  -1.03749282e+00]
 [  1.32712996e+00  -1.07595008e-01]
 [  1.33435603e+00   8.09256598e-01]
 [  1.35725851e+00   1.43523014e+00]
 [  1.35964746e+00  -1.27546770e+00]
 [  1.36048558e+00   1.36833697e+00]
 [  1.36083257e+00  -1.62248241e+00]
 [  1.37302902e+00   5.35901475e-01]
 [  1.37811737e+00  -2.90230179e-01]
 [  1.38206822e+00   3.77633914e-01]
 [  1.38364506e+00   9.70928621e-01]
 [  1.38849838e+00   9.61986350e-02]
 [  1.39658095e+00  -4.81570880e-02]
 [  1.41726229e+00  -1.14784332e+00]
 [  1.43094741e+00  -3.94455221e-01]
 [  1.43992201e+00  -4.35845875e-01]
 [  1.44341390e+00  -8.93241799e-01]
 [  1.47091052e+00   1.21186207e+00]
 [  1.47378004e+00   8.23159265e-01]
 [  1.47484427e+00  -1.64466579e+00]
 [  1.47990265e+00  -2.27418742e-01]
 [  1.49246259e+00   1.41253789e-01]
 [  1.49911483e+00   1.41404808e+00]
 [  1.50338539e+00  -1.33714673e+00]
 [  1.50406519e+00  -9.39943523e-01]
 [  1.50651492e+00   4.95661573e-01]
 [  1.50881818e+00   3.80134599e-01]
 [  1.51342292e+00  -1.27982526e+00]
 [  1.52146629e+00   8.59941500e-01]
 [  1.53073164e+00  -3.64717810e-01]
 [  1.54398294e+00  -1.90513550e-01]
 [  1.54756214e+00  -1.72511591e+00]
 [  1.55271126e+00   1.29348187e-01]
 [  1.55378649e+00  -6.51135622e-01]
 [  1.57405566e+00  -3.46132787e-01]
 [  1.58379488e+00   2.89534909e-01]
 [  1.58718197e+00  -1.49332617e-01]
 [  1.59717702e+00  -1.66550554e+00]
 [  1.60333482e+00   1.44041183e+00]
 [  1.61050727e+00   9.72527070e-01]
 [  1.61074419e+00   9.23278374e-01]
 [  1.61296307e+00  -8.80612085e-01]
 [  1.61947406e+00  -1.42369535e+00]
 [  1.62293358e+00   7.25808100e-01]
 [  1.62512729e+00   4.37737171e-02]
 [  1.63171624e+00   1.49235290e+00]
 [  1.64422968e+00   1.61369200e+00]
 [  1.64449083e+00  -1.73025524e+00]
 [  1.64466129e+00   1.46295565e+00]
 [  1.64795924e+00   9.13354488e-01]
 [  1.64927893e+00   1.22691673e+00]
 [  1.65119793e+00   1.03108642e+00]
 [  1.65167604e+00  -2.43861740e-02]
 [  1.65960276e+00  -1.16916716e+00]
 [  1.66061875e+00  -1.15670073e-01]
 [  1.66223666e+00   1.51717772e+00]
 [  1.66456836e+00  -1.21503250e+00]
 [  1.66980481e+00  -2.95745289e-01]
 [  1.69716730e+00   1.17998333e+00]
 [  1.70378399e+00  -2.21735826e-01]
 [  1.71444918e+00  -1.74679108e+00]
 [  1.71731601e+00  -1.17697681e+00]
 [  1.72451200e+00  -1.57413487e+00]
 [  1.73674765e+00   4.93818258e-01]
 [  1.74457190e+00  -7.48816018e-01]
 [  1.74709397e+00   1.69818190e+00]
 [  1.74751522e+00   7.90823395e-02]
 [  1.50000000e+00   1.50000000e+00]
 [  9.25000000e-01   4.85000000e-01]]
---Predicted Probabilities---
[[ 0.08829463  0.73694682  0.08740454  0.08735401]
 [ 0.09239289  0.7237152   0.09183247  0.09205944]
 [ 0.11137115  0.666984    0.11067473  0.11097012]
 [ 0.11286704  0.66254     0.11214187  0.11245108]
 [ 0.1195563   0.65208488  0.11449874  0.11386007]
 [ 0.09353871  0.72422874  0.091313    0.09091955]
 [ 0.07431569  0.77766262  0.07393202  0.07408967]
 [ 0.06231287  0.81357564  0.06198996  0.06212153]
 [ 0.04349414  0.86972661  0.04336385  0.0434154 ]
 [ 0.09885121  0.70461437  0.09811902  0.09841541]
 [ 0.05552391  0.83383332  0.05526949  0.05537327]
 [ 0.08699058  0.74426998  0.08460325  0.08413619]
 [ 0.0492437   0.8528017   0.04892165  0.04903294]
 [ 0.10951846  0.68575898  0.10275703  0.10196553]
 [ 0.0806218   0.75887926  0.08015801  0.08034093]
 [ 0.0574924   0.82783688  0.05729567  0.05737505]
 [ 0.08613025  0.7443644   0.0847998   0.08470555]
 [ 0.06034341  0.81926916  0.06015582  0.06023161]
 [ 0.07934248  0.76277168  0.07884565  0.07904019]
 [ 0.09426184  0.72480347  0.09070288  0.09023181]
 [ 0.06729607  0.79978882  0.06647663  0.06643848]
 [ 0.07011123  0.79032294  0.06969807  0.06986776]
 [ 0.09927169  0.7135705   0.0939268   0.09323102]
 [ 0.08889874  0.74804584  0.08185339  0.08120202]
 [ 0.0704119   0.78945622  0.0699862   0.07014568]
 [ 0.74664465  0.09180511  0.08141159  0.08013866]
 [ 0.09906415  0.70449274  0.09799866  0.09844445]
 [ 0.07646078  0.77147279  0.07592259  0.07614384]
 [ 0.0842159   0.7489333   0.08322388  0.08362693]
 [ 0.09071418  0.74385456  0.08296939  0.08246187]
 [ 0.10724011  0.70696036  0.09327023  0.0925293 ]
 [ 0.07893176  0.77379535  0.07384301  0.07342988]
 [ 0.05842083  0.82725453  0.05724361  0.05708104]
 [ 0.11703853  0.68612241  0.10020215  0.0966369 ]
 [ 0.06449441  0.80761866  0.06380673  0.0640802 ]
 [ 0.06957712  0.79440823  0.06808976  0.06792489]
 [ 0.08754721  0.74028424  0.08605062  0.08611793]
 [ 0.07293174  0.78248825  0.07212783  0.07245218]
 [ 0.0902784   0.73245504  0.08859859  0.08866797]
 [ 0.11186961  0.70451239  0.09267357  0.09094444]
 [ 0.07745654  0.76885334  0.0766886   0.07700152]
 [ 0.82788341  0.05926913  0.05714675  0.05570071]
 [ 0.08911838  0.73368318  0.08846431  0.08873413]
 [ 0.06761937  0.79818524  0.06696741  0.06722798]
 [ 0.06587593  0.80639993  0.06397185  0.06375229]
 [ 0.09512475  0.74400103  0.08083399  0.08004023]
 [ 0.09516932  0.71791988  0.09340735  0.09350345]
 [ 0.84148379  0.05362104  0.05454707  0.0503481 ]
 [ 0.09039078  0.72973987  0.08981516  0.0900542 ]
 [ 0.09071593  0.72926904  0.0898574   0.09015762]
 [ 0.08490984  0.74623521  0.08430322  0.08455174]
 [ 0.10010692  0.70089929  0.09933944  0.09965434]
 [ 0.07520309  0.77612292  0.07431788  0.07435612]
 [ 0.09899826  0.70421207  0.09823911  0.09855056]
 [ 0.09303597  0.72227074  0.09223397  0.09245932]
 [ 0.09990058  0.71770857  0.0914961   0.09089475]
 [ 0.10047625  0.70978825  0.0950926   0.09464289]
 [ 0.10342359  0.71525796  0.09103636  0.09028209]
 [ 0.08996085  0.73078095  0.08954115  0.08971705]
 [ 0.07452978  0.78749323  0.06936725  0.06860974]
 [ 0.77970439  0.07385263  0.07701108  0.0694319 ]
 [ 0.07825984  0.77939944  0.07160653  0.07073419]
 [ 0.81679415  0.05821145  0.06822364  0.05677077]
 [ 0.10437725  0.7045663   0.09587594  0.09518052]
 [ 0.81175398  0.06664272  0.06119674  0.06040656]
 [ 0.08975706  0.73123714  0.08943589  0.08956991]
 [ 0.08232383  0.75378377  0.0818467   0.0820457 ]
 [ 0.08549732  0.74428475  0.08500686  0.08521106]
 [ 0.08774441  0.73847907  0.08692415  0.08685237]
 [ 0.69221465  0.11428059  0.09725165  0.09625312]
 [ 0.08779181  0.73714431  0.0874659   0.08759798]
 [ 0.80158325  0.06427477  0.0708398   0.06330217]
 [ 0.82380253  0.05758897  0.06219518  0.05641332]
 [ 0.79092584  0.0737024   0.06821719  0.06715457]
 [ 0.79223279  0.07306383  0.06773812  0.06696526]
 [ 0.70901828  0.10764743  0.09216227  0.09117203]
 [ 0.79778099  0.06775946  0.06833609  0.06612347]
 [ 0.10586993  0.68361061  0.10510465  0.1054148 ]
 [ 0.08264162  0.7534461   0.08178205  0.08213024]
 [ 0.80041672  0.06852233  0.06599638  0.06506457]
 [ 0.09720421  0.72932416  0.08715929  0.08631235]
 [ 0.75380467  0.08965542  0.07870305  0.07783686]
 [ 0.09470254  0.71664101  0.0942307   0.09442575]
 [ 0.76009844  0.08025409  0.08130003  0.07834743]
 [ 0.81134631  0.06183382  0.06579576  0.06102411]
 [ 0.79096654  0.0738073   0.06801277  0.06721339]
 [ 0.06582444  0.80313384  0.06544481  0.06559691]
 [ 0.09261261  0.72316976  0.09197967  0.09223795]
 [ 0.0871607   0.73908834  0.08679912  0.08695184]
 [ 0.10157464  0.69750727  0.10028589  0.1006322 ]
 [ 0.05675394  0.83023533  0.05644324  0.0565675 ]
 [ 0.08930815  0.74304721  0.08410733  0.08353731]
 [ 0.10446352  0.68765661  0.10380259  0.10407729]
 [ 0.7893971   0.07083841  0.07060482  0.06915967]
 [ 0.76153281  0.08012316  0.08030159  0.07804244]
 [ 0.78367684  0.07295801  0.07229392  0.07107122]
 [ 0.0503148   0.84939687  0.05010083  0.0501875 ]
 [ 0.06716218  0.79917571  0.06674694  0.06691516]
 [ 0.09734659  0.70914835  0.09665269  0.09685237]
 [ 0.08735964  0.73870361  0.0868643   0.08707245]
 [ 0.76429815  0.07811925  0.08108756  0.07649505]
 [ 0.71935725  0.0936718   0.09558791  0.09138304]
 [ 0.08857624  0.73519779  0.08799225  0.08823372]
 [ 0.05764996  0.82758188  0.05731681  0.05745135]
 [ 0.73455591  0.08637876  0.09436249  0.08470284]
 [ 0.09322363  0.72146364  0.09252333  0.09278939]
 [ 0.75668862  0.0814533   0.08228521  0.07957286]
 [ 0.82762132  0.05787664  0.05785925  0.05664278]
 [ 0.11492932  0.66965239  0.10809813  0.10732016]
 [ 0.07221131  0.79040982  0.06891135  0.06846752]
 [ 0.734336    0.08847378  0.09076232  0.08642789]
 [ 0.73625001  0.08802456  0.08974727  0.08597816]
 [ 0.71782665  0.09387831  0.09645533  0.09183972]
 [ 0.68938781  0.09864043  0.11529619  0.09667558]
 [ 0.68771719  0.10133763  0.11142245  0.09952273]
 [ 0.71033301  0.1148046   0.08799862  0.08686377]
 [ 0.82693032  0.05827169  0.05796192  0.05683607]
 [ 0.096514    0.74858318  0.07796982  0.076933  ]
 [ 0.08157412  0.75630019  0.08093445  0.08119123]
 [ 0.7516215   0.09456157  0.07733357  0.07648336]
 [ 0.68829238  0.09867297  0.11629967  0.09673498]
 [ 0.11875679  0.09918094  0.6844582   0.09760406]
 [ 0.04135981  0.87646933  0.0410193   0.04115155]
 [ 0.77293176  0.076332    0.07593124  0.074805  ]
 [ 0.73372636  0.08768341  0.09240369  0.08618654]
 [ 0.82225559  0.05954105  0.05959506  0.0586083 ]
 [ 0.74530104  0.08547192  0.08571278  0.08351426]
 [ 0.79107256  0.06988788  0.07031323  0.06872632]
 [ 0.81066514  0.06582867  0.06208087  0.06142533]
 [ 0.70167952  0.09399268  0.11199497  0.09233283]
 [ 0.08357684  0.75051934  0.08279335  0.08311047]
 [ 0.05521659  0.83528113  0.05463734  0.05486494]
 [ 0.82404575  0.05889796  0.05898339  0.0580729 ]
 [ 0.06511358  0.80530433  0.06471076  0.06487133]
 [ 0.07356803  0.78023812  0.07297561  0.07321824]
 [ 0.79726109  0.06805012  0.06814423  0.06654456]
 [ 0.77026201  0.07519227  0.08038952  0.07415621]
 [ 0.79133728  0.07088227  0.06918889  0.06859156]
 [ 0.72849181  0.08722514  0.09849097  0.08579208]
 [ 0.81452313  0.06173257  0.06263456  0.06110973]
 [ 0.74355368  0.08355232  0.09053576  0.08235824]
 [ 0.0619957   0.81445763  0.06171792  0.06182875]
 [ 0.0395444   0.88199616  0.03920572  0.03925372]
 [ 0.05144889  0.84777401  0.05040885  0.05036825]
 [ 0.76184321  0.07965962  0.08031008  0.0781871 ]
 [ 0.08129023  0.75739084  0.08049781  0.08082112]
 [ 0.08170238  0.75568723  0.08120092  0.08140947]
 [ 0.80754076  0.06449363  0.06461954  0.06334607]
 [ 0.03946992  0.8820372   0.03919178  0.03930111]
 [ 0.09017369  0.73054208  0.08950594  0.08977829]
 [ 0.77319481  0.0746013   0.07855093  0.07365296]
 [ 0.78612861  0.07173623  0.07193013  0.07020504]
 [ 0.77595804  0.07512291  0.07532539  0.07359366]
 [ 0.08133562  0.75791365  0.08031089  0.08043984]
 [ 0.03769318  0.88735862  0.03742257  0.03752563]
 [ 0.78942808  0.07124936  0.07027126  0.0690513 ]
 [ 0.06002747  0.82049203  0.05966756  0.05981294]
 [ 0.0503097   0.85000494  0.0497764   0.04990896]
 [ 0.06696989  0.7998643   0.06648502  0.06668079]
 [ 0.06434497  0.80764739  0.06391629  0.06409135]
 [ 0.10209871  0.70533524  0.09647672  0.09608932]
 [ 0.07418039  0.78017304  0.07289591  0.07275066]
 [ 0.06874709  0.79600763  0.06756422  0.06768106]
 [ 0.05301485  0.84168523  0.0525581   0.05274182]
 [ 0.78884732  0.07049535  0.07125349  0.06940383]
 [ 0.78180347  0.07263444  0.07403835  0.07152374]
 [ 0.72752941  0.08961321  0.09432142  0.08853596]
 [ 0.66528689  0.11612036  0.11000323  0.10858952]
 [ 0.71458985  0.09483083  0.09705829  0.09352103]
 [ 0.74371716  0.08567706  0.08665603  0.08394975]
 [ 0.77412915  0.0749787   0.07701347  0.07387868]
 [ 0.10902583  0.68464995  0.1035119   0.10281233]
 [ 0.0532263   0.84114154  0.05271227  0.05291989]
 [ 0.70607756  0.09760593  0.10054     0.09577651]
 [ 0.71805601  0.09480099  0.09468246  0.09246054]
 [ 0.0861302   0.74520003  0.08441942  0.08425035]
 [ 0.09513098  0.71647537  0.09398532  0.09440833]
 [ 0.08048574  0.76084969  0.07938494  0.07927963]
 [ 0.07399179  0.77913926  0.07335248  0.07351647]
 [ 0.75216548  0.0827536   0.08411684  0.08096409]
 [ 0.76180797  0.07862446  0.08231431  0.07725326]
 [ 0.75709665  0.08103301  0.08256877  0.07930157]
 [ 0.09128317  0.73931744  0.08495631  0.08444308]
 [ 0.71988871  0.09830962  0.09136771  0.09043395]
 [ 0.06812236  0.79652373  0.06756273  0.06779119]
 [ 0.7682127   0.0779063   0.07781301  0.07606798]
 [ 0.08060046  0.76007407  0.07971522  0.07961025]
 [ 0.69281005  0.09785881  0.11260865  0.09672249]
 [ 0.11222992  0.10619252  0.67605708  0.10552048]
 [ 0.11060552  0.09816365  0.69415557  0.09707525]
 [ 0.05376719  0.83945208  0.05329398  0.05348675]
 [ 0.78949763  0.07014293  0.07163878  0.06872066]
 [ 0.07714513  0.77058778  0.07612979  0.07613729]
 [ 0.07723164  0.77147108  0.07572856  0.07556872]
 [ 0.73747174  0.08161534  0.10015848  0.08075444]
 [ 0.09908414  0.08916548  0.72380835  0.08794204]
 [ 0.78630766  0.0686882   0.07742303  0.06758111]
 [ 0.09161216  0.08601803  0.73708446  0.08528535]
 [ 0.77909758  0.07356433  0.07494623  0.07239186]
 [ 0.77687181  0.07444443  0.07551427  0.07316948]
 [ 0.80450894  0.06541987  0.06603525  0.06403594]
 [ 0.69016179  0.09759091  0.11583643  0.09641088]
 [ 0.05502615  0.83537311  0.05474289  0.05485784]
 [ 0.08141273  0.75726093  0.08047454  0.08085179]
 [ 0.11628164  0.67189883  0.10647753  0.105342  ]
 [ 0.09835711  0.08513898  0.73223159  0.08427231]
 [ 0.10158103  0.08983791  0.71973503  0.08884602]
 [ 0.08118214  0.07971397  0.75946308  0.07964082]
 [ 0.06526075  0.80486787  0.06485437  0.06501702]
 [ 0.09768778  0.71817144  0.09246812  0.09167266]
 [ 0.08508695  0.74648692  0.08401621  0.08440992]
 [ 0.08212919  0.08086857  0.756142    0.08086024]
 [ 0.78638356  0.0702305   0.07365897  0.06972697]
 [ 0.0721494   0.78563152  0.07117729  0.07104178]
 [ 0.76940719  0.07730706  0.07759343  0.07569232]
 [ 0.05574151  0.83349067  0.05529334  0.05547448]
 [ 0.06839212  0.79593689  0.06769806  0.06797293]
 [ 0.09304364  0.72202665  0.09231676  0.09261295]
 [ 0.04163326  0.87551453  0.04137229  0.04147992]
 [ 0.05812405  0.05733397  0.82730303  0.05723895]
 [ 0.08448187  0.74816592  0.08352174  0.08383047]
 [ 0.78924697  0.06856397  0.07442459  0.06776447]
 [ 0.07531617  0.77509588  0.07466324  0.07492472]
 [ 0.06851469  0.06768547  0.79599628  0.06780356]
 [ 0.07022816  0.79067518  0.06953303  0.06956363]
 [ 0.07570937  0.07337319  0.77778559  0.07313185]
 [ 0.70569395  0.09414056  0.10733335  0.09283214]
 [ 0.71390192  0.09258627  0.10223628  0.09127553]
 [ 0.06009145  0.82040339  0.05965298  0.05985219]
 [ 0.78539817  0.0724298   0.07154389  0.07062814]
 [ 0.07117234  0.7871698   0.07061316  0.07104471]
 [ 0.11966275  0.66436361  0.10850654  0.1074671 ]
 [ 0.06974157  0.0658482   0.79899857  0.06541166]
 [ 0.08397888  0.74915641  0.08329335  0.08357136]
 [ 0.0708628   0.78850341  0.07018178  0.07045201]
 [ 0.08017758  0.76040755  0.0795875   0.07982738]
 [ 0.11693706  0.67471828  0.10461816  0.1037265 ]
 [ 0.09510551  0.71589243  0.09434552  0.09465654]
 [ 0.10181107  0.69581618  0.1010241   0.10134865]
 [ 0.07107082  0.78783978  0.07041486  0.07067454]
 [ 0.08736284  0.74479829  0.08410109  0.08373778]
 [ 0.06963775  0.06843609  0.79354368  0.06838248]
 [ 0.07376778  0.77959355  0.07318318  0.07345549]
 [ 0.06691342  0.06310229  0.80752171  0.06246258]
 [ 0.72950599  0.09405888  0.08860104  0.0878341 ]
 [ 0.81724311  0.06097143  0.06179608  0.05998938]
 [ 0.65351183  0.11279163  0.12227364  0.11142289]
 [ 0.05204153  0.05142535  0.84500996  0.05152316]
 [ 0.08209652  0.75296133  0.08162883  0.08331331]
 [ 0.08145398  0.75728906  0.08047253  0.08078442]
 [ 0.72147597  0.08930578  0.10160354  0.08761471]
 [ 0.10356495  0.68555956  0.10325703  0.10761846]
 [ 0.07071661  0.78846019  0.07033291  0.0704903 ]
 [ 0.08759769  0.73791825  0.08684176  0.0876423 ]
 [ 0.08416073  0.74840634  0.08360468  0.08382825]
 [ 0.67270537  0.10895287  0.11106183  0.10727993]
 [ 0.11260823  0.10834068  0.67163027  0.10742082]
 [ 0.09338676  0.72674228  0.09020087  0.08967009]
 [ 0.09692052  0.70117984  0.0970038   0.10489584]
 [ 0.06918942  0.0673422   0.79635012  0.06711826]
 [ 0.09228051  0.7212987   0.09193174  0.09448904]
 [ 0.10464829  0.67365454  0.10484682  0.11685035]
 [ 0.11774739  0.66838906  0.10758315  0.10628041]
 [ 0.06651075  0.06552298  0.80238744  0.06557883]
 [ 0.07961092  0.76264767  0.07872937  0.07901203]
 [ 0.09123044  0.08657206  0.73605241  0.08614508]
 [ 0.11156112  0.68200135  0.1037688   0.10266873]
 [ 0.81333699  0.06250194  0.0627308   0.06143027]
 [ 0.80035093  0.0669419   0.06707153  0.06563563]
 [ 0.79399479  0.06911199  0.06920382  0.0676894 ]
 [ 0.08579505  0.75938593  0.07767195  0.07714708]
 [ 0.1011437   0.68915688  0.10125643  0.10844299]
 [ 0.11948254  0.66491587  0.10844109  0.1071605 ]
 [ 0.08218102  0.75489958  0.08131622  0.08160317]
 [ 0.0855071   0.74470959  0.08474216  0.08504115]
 [ 0.06753854  0.06513512  0.80257366  0.06475267]
 [ 0.11703973  0.67801437  0.10300837  0.10193753]
 [ 0.81593169  0.06156553  0.06182947  0.06067331]
 [ 0.07387598  0.78510947  0.0707158   0.07029875]
 [ 0.06171636  0.05958946  0.81951051  0.05918367]
 [ 0.07302014  0.06918652  0.78920599  0.06858734]
 [ 0.07765101  0.7725149   0.07507239  0.07476169]
 [ 0.05761249  0.05534352  0.83206131  0.05498269]
 [ 0.10195175  0.10908724  0.10249681  0.68646419]
 [ 0.70513264  0.09774277  0.10081312  0.09631147]
 [ 0.74085446  0.08763835  0.08659857  0.08490862]
 [ 0.09465502  0.71746073  0.09364594  0.09423831]
 [ 0.79977941  0.06670494  0.06767411  0.06584154]
 [ 0.11795019  0.10328291  0.67685319  0.10191371]
 [ 0.7443939   0.09019711  0.08296035  0.08244864]
 [ 0.74589173  0.08556599  0.08523139  0.08331088]
 [ 0.11351039  0.65714885  0.11326092  0.11607984]
 [ 0.75285928  0.08157583  0.08508332  0.08048157]
 [ 0.70595777  0.10830171  0.093378    0.09236252]
 [ 0.11561849  0.69194359  0.09658034  0.09585758]
 [ 0.74678855  0.08593969  0.08442802  0.08284374]
 [ 0.10986096  0.69936498  0.09581989  0.09495417]
 [ 0.76093853  0.08520912  0.07708947  0.07676288]
 [ 0.07459303  0.06127684  0.80393855  0.06019158]
 [ 0.07704938  0.77330314  0.07492777  0.07471971]
 [ 0.07383496  0.05979285  0.80752072  0.05885147]
 [ 0.72510087  0.10489625  0.08527754  0.08472533]
 [ 0.71325965  0.10837827  0.08957934  0.08878274]
 [ 0.10937261  0.67398165  0.10746053  0.10918521]
 [ 0.7967921   0.07101634  0.06655878  0.06563279]
 [ 0.07804976  0.76915433  0.07642901  0.0763669 ]
 [ 0.0944337   0.74113527  0.08268863  0.0817424 ]
 [ 0.08228633  0.08352202  0.0830907   0.75110096]
 [ 0.10765395  0.67829367  0.10686684  0.10718554]
 [ 0.08488602  0.74712836  0.08390907  0.08407655]
 [ 0.07614381  0.77642199  0.07382659  0.07360761]
 [ 0.10676756  0.71758     0.08787717  0.08777527]
 [ 0.80950969  0.06424032  0.06372191  0.06252808]
 [ 0.09178621  0.09331142  0.09288497  0.7220174 ]
 [ 0.73018359  0.10350509  0.08379832  0.082513  ]
 [ 0.10370188  0.10521471  0.10413322  0.6869502 ]
 [ 0.80639583  0.06403859  0.06652399  0.06304159]
 [ 0.09348183  0.09459195  0.09435736  0.71756885]
 [ 0.10172021  0.10319336  0.10215131  0.69293511]
 [ 0.79657405  0.06217704  0.07950402  0.06174489]
 [ 0.82307228  0.06041916  0.05876906  0.05773949]
 [ 0.11496545  0.65175097  0.11393167  0.11935192]
 [ 0.80543361  0.06502107  0.06524162  0.06430369]
 [ 0.1113893   0.11533102  0.11152597  0.66175371]
 [ 0.73399301  0.08820856  0.0911016   0.08669683]
 [ 0.79431584  0.06874953  0.06984039  0.06709424]
 [ 0.72863271  0.10591407  0.08359913  0.08185409]
 [ 0.793819    0.06922795  0.06926609  0.06768696]
 [ 0.80394545  0.06588018  0.06579462  0.06437975]
 [ 0.72166521  0.10971307  0.08523784  0.08338388]
 [ 0.73759289  0.08622705  0.09114162  0.08503844]
 [ 0.10732145  0.68194672  0.10238132  0.10835051]
 [ 0.79524179  0.06875647  0.068779    0.06722274]
 [ 0.06945356  0.79313122  0.06867203  0.0687432 ]
 [ 0.82759024  0.05914634  0.05710821  0.05615521]
 [ 0.77754888  0.07659681  0.07428016  0.07157416]
 [ 0.78248394  0.07315745  0.07415043  0.07020818]
 [ 0.09423524  0.71827388  0.09362953  0.09386136]
 [ 0.74588118  0.08304597  0.08913327  0.08193959]
 [ 0.07912665  0.07992229  0.07983633  0.76111473]
 [ 0.05737837  0.83249754  0.05516459  0.0549595 ]
 [ 0.75902084  0.07972726  0.0824895   0.07876239]
 [ 0.77589011  0.07465859  0.07567119  0.07378011]
 [ 0.8012255   0.06674891  0.06672208  0.06530351]
 [ 0.05684863  0.83801062  0.05272483  0.05241591]
 [ 0.77208162  0.07289955  0.08328363  0.07173521]
 [ 0.06683889  0.80076495  0.06615921  0.06623696]
 [ 0.07870403  0.76469376  0.07822471  0.07837751]
 [ 0.81142716  0.06638317  0.06149887  0.0606908 ]
 [ 0.70249232  0.0958504   0.10698824  0.09466904]
 [ 0.10363534  0.10451476  0.10443123  0.68741866]
 [ 0.07261834  0.07336334  0.07321985  0.78079848]
 [ 0.11136773  0.66639886  0.10338939  0.11884402]
 [ 0.0731194   0.78129336  0.07274064  0.07284661]
 [ 0.71712214  0.11301014  0.08533136  0.08453635]
 [ 0.68685612  0.09946302  0.11521192  0.09846895]
 [ 0.68134187  0.1026205   0.11491075  0.10112688]
 [ 0.10509171  0.73420464  0.08062694  0.08007671]
 [ 0.81952253  0.0607636   0.06032163  0.05939224]
 [ 0.07427678  0.07520593  0.07503167  0.77548561]
 [ 0.10729472  0.09270955  0.70810523  0.09189049]
 [ 0.09948078  0.71412919  0.089818    0.09657204]
 [ 0.08909483  0.09020995  0.09009912  0.7305961 ]
 [ 0.09548254  0.73323424  0.08445329  0.08682994]
 [ 0.09485255  0.75285853  0.07629744  0.07599148]
 [ 0.0846025   0.07871954  0.76316945  0.07350851]
 [ 0.09283038  0.09899232  0.09128254  0.71689476]
 [ 0.11091803  0.6781641   0.11794813  0.09296974]
 [ 0.10053051  0.69774069  0.0949572   0.1067716 ]
 [ 0.0646223   0.06525116  0.06517803  0.80494851]
 [ 0.08081886  0.08235828  0.08183916  0.75498369]
 [ 0.08144809  0.76446232  0.08182084  0.07226875]
 [ 0.07292139  0.07413424  0.07400292  0.77894145]
 [ 0.08953989  0.74986216  0.08045185  0.0801461 ]
 [ 0.0613221   0.06192854  0.06186686  0.8148825 ]
 [ 0.09222249  0.08672675  0.73541262  0.08563814]
 [ 0.08617226  0.08115667  0.75230975  0.08036133]
 [ 0.10057017  0.09558614  0.70904087  0.09480282]
 [ 0.09838161  0.0933795   0.71561755  0.09262134]
 [ 0.08510517  0.73011563  0.10447326  0.08030595]
 [ 0.08630265  0.08158343  0.75132997  0.08078395]
 [ 0.06983062  0.07101283  0.07080232  0.78835423]
 [ 0.72379705  0.09784103  0.09001591  0.08834601]
 [ 0.11023511  0.69859429  0.09601115  0.09515945]
 [ 0.1124742   0.1038868   0.68140198  0.10223702]
 [ 0.10141355  0.67871547  0.10103621  0.11883477]
 [ 0.09706224  0.7103446   0.09618399  0.09640917]
 [ 0.07119817  0.0723419   0.07222189  0.78423804]
 [ 0.06387209  0.06486387  0.06473012  0.80653393]
 [ 0.07213158  0.07314137  0.07303231  0.78169474]
 [ 0.09924327  0.70622808  0.09722592  0.09730272]
 [ 0.08384802  0.09180944  0.084554    0.73978853]
 [ 0.11756548  0.10699151  0.6705702   0.10487281]
 [ 0.10379071  0.09601159  0.70519521  0.09500249]
 [ 0.0740282   0.0651686   0.79648239  0.06432081]
 [ 0.05510912  0.05587639  0.05577736  0.83323712]
 [ 0.06620103  0.0673638   0.06723711  0.79919806]
 [ 0.08792831  0.71770694  0.09975808  0.09460666]
 [ 0.07360834  0.06296211  0.80195989  0.06146966]
 [ 0.0945832   0.69603862  0.11564793  0.09373025]
 [ 0.04709691  0.0475355   0.04748726  0.85788033]
 [ 0.67280767  0.10545935  0.11766898  0.10406399]
 [ 0.68314288  0.10477672  0.11090474  0.10117567]
 [ 0.06672687  0.80337575  0.06505678  0.06484059]
 [ 0.06689898  0.80158917  0.06577562  0.06573623]
 [ 0.68104204  0.10231179  0.11624156  0.10040461]
 [ 0.68354382  0.10238598  0.1134509   0.1006193 ]
 [ 0.11389184  0.65953391  0.11314389  0.11343037]
 [ 0.69092859  0.10074102  0.10995657  0.09837382]
 [ 0.09541573  0.74052365  0.08247441  0.08158621]
 [ 0.09196732  0.70874179  0.10049736  0.09879352]
 [ 0.07972827  0.76226703  0.07893925  0.07906545]
