Final Kernel (Labels 0 v.s. all): 1.000*gaussian{0.119} 
Final Kernel (Labels 1 v.s. all): 1.000*gaussian{0.123} 
Final Kernel (Labels 2 v.s. all): 1.000*gaussian{0.129} 
Final Kernel (Labels 3 v.s. all): 1.000*gaussian{0.133} 

===Prediction Results===
---Prediction Features---
[[ -1.74868187e+00  -2.27249578e-01]
 [ -1.74258717e+00   9.92278086e-01]
 [ -1.73478958e+00   8.65637998e-01]
 [ -1.72540764e+00   8.33417561e-01]
 [ -1.71702040e+00   8.34537725e-02]
 [ -1.71599109e+00  -7.68345181e-02]
 [ -1.70726985e+00  -1.47453156e+00]
 [ -1.70486852e+00   1.20600023e+00]
 [ -1.70320445e+00  -1.10389404e+00]
 [ -1.69647026e+00   6.52120348e-01]
 [ -1.69070019e+00  -1.17046079e+00]
 [ -1.68757048e+00  -1.14469655e-01]
 [ -1.68063520e+00  -8.87613104e-01]
 [ -1.67895253e+00   1.61822552e-02]
 [ -1.67442321e+00  -1.67563573e+00]
 [ -1.67114447e+00   1.12369984e+00]
 [ -1.64108299e+00   4.10388053e-01]
 [ -1.62867629e+00  -1.53773240e+00]
 [ -1.61395200e+00   9.69797486e-01]
 [ -1.59995953e+00   3.58098781e-01]
 [ -1.59776277e+00   4.75949920e-01]
 [ -1.58414931e+00  -1.46063285e+00]
 [ -1.58246597e+00   3.37568536e-01]
 [ -1.58141802e+00  -2.82564238e-01]
 [ -1.54962252e+00   1.02792641e+00]
 [ -1.53456141e+00   6.07167321e-02]
 [ -1.53116580e+00  -1.26868558e+00]
 [ -1.52895080e+00  -1.45369926e+00]
 [ -1.50825936e+00  -1.06782156e+00]
 [ -1.50665035e+00  -6.62982336e-01]
 [ -1.50311872e+00  -5.85475933e-01]
 [ -1.49242239e+00  -7.13547217e-01]
 [ -1.47016022e+00   6.84986916e-01]
 [ -1.46599163e+00  -2.24626252e-01]
 [ -1.46214125e+00   1.37381580e+00]
 [ -1.45646779e+00   7.51873739e-01]
 [ -1.45577240e+00   8.62376700e-01]
 [ -1.44217838e+00   1.30623398e+00]
 [ -1.43701350e+00   8.86320871e-01]
 [ -1.42958342e+00   3.28484892e-01]
 [ -1.42699051e+00   1.25298425e+00]
 [ -1.42364250e+00   1.63769238e-01]
 [ -1.42256855e+00  -1.43285014e+00]
 [ -1.40701812e+00   1.44565391e+00]
 [ -1.40097680e+00  -8.35726964e-01]
 [ -1.39833183e+00  -6.81729302e-01]
 [ -1.38936807e+00   9.59167894e-01]
 [ -1.38685967e+00   5.74468543e-02]
 [ -1.38628621e+00  -1.42777351e+00]
 [ -1.38264247e+00  -1.01575340e+00]
 [ -1.36927186e+00   1.22425206e+00]
 [ -1.36085794e+00  -1.62062308e+00]
 [ -1.35344312e+00  -9.31558115e-01]
 [ -1.34400545e+00  -1.58746735e+00]
 [ -1.33153835e+00   1.13313402e+00]
 [ -1.32064238e+00   8.17939257e-01]
 [ -1.30476135e+00   9.07057337e-01]
 [ -1.30425936e+00   7.71204143e-01]
 [ -1.30230098e+00  -1.47601284e+00]
 [ -1.28880714e+00  -7.96679846e-01]
 [ -1.28662497e+00  -3.20690611e-01]
 [ -1.28558556e+00  -7.79875154e-01]
 [ -1.27810452e+00   6.81435137e-02]
 [ -1.26674541e+00   8.93059527e-01]
 [ -1.26022090e+00  -5.70791798e-01]
 [ -1.24182428e+00  -1.38740386e+00]
 [ -1.22704712e+00   1.63260156e+00]
 [ -1.22632068e+00   1.65395281e+00]
 [ -1.22182377e+00  -9.76477844e-01]
 [ -1.19530537e+00   8.44974035e-01]
 [ -1.18448383e+00  -1.43017577e+00]
 [ -1.18325362e+00   1.53576723e-01]
 [ -1.18292198e+00  -3.59178206e-01]
 [ -1.17698643e+00  -6.14571723e-01]
 [ -1.16353556e+00   5.39317233e-01]
 [ -1.16224710e+00   8.47895018e-01]
 [ -1.15083805e+00   2.64955363e-01]
 [ -1.14051680e+00  -1.24319661e+00]
 [ -1.13086330e+00   1.44545722e+00]
 [ -1.10513929e+00  -6.07547786e-01]
 [ -1.09043399e+00   9.86020899e-01]
 [ -1.08996085e+00   8.37326133e-01]
 [ -1.08946015e+00  -1.51330863e+00]
 [ -1.08327004e+00   2.64850305e-01]
 [ -1.08155118e+00  -3.84582755e-01]
 [ -1.08035962e+00   7.87829694e-01]
 [ -1.07453954e+00   1.60925123e+00]
 [ -1.07065125e+00   1.72119003e+00]
 [ -1.06452160e+00  -1.41450647e+00]
 [ -1.05577339e+00   1.22627611e+00]
 [ -1.05214761e+00   1.52955958e+00]
 [ -1.05091538e+00   1.05303624e+00]
 [ -1.04167502e+00  -1.58714948e+00]
 [ -1.02070171e+00  -5.61587616e-01]
 [ -1.01432651e+00   3.35520304e-01]
 [ -1.01263104e+00  -6.01045200e-01]
 [ -1.00741081e+00   1.54564219e+00]
 [ -1.00702230e+00   1.64044887e+00]
 [ -9.98360882e-01  -1.19681125e+00]
 [ -9.97114754e-01  -1.42567303e+00]
 [ -9.96658198e-01  -4.28386679e-01]
 [ -9.85807403e-01   2.06645237e-01]
 [ -9.83175140e-01  -1.37274154e+00]
 [ -9.75818995e-01   1.60686360e+00]
 [ -9.75102667e-01  -3.57142268e-01]
 [ -9.73807863e-01  -1.26973583e+00]
 [ -9.62323330e-01  -5.15671245e-01]
 [ -9.54612181e-01   5.90531865e-01]
 [ -9.50923740e-01  -9.76377459e-01]
 [ -9.35662010e-01   1.09760654e+00]
 [ -9.21401436e-01  -4.70455631e-01]
 [ -9.18622189e-01  -4.89197070e-01]
 [ -9.08799583e-01   1.30065033e-01]
 [ -9.02504706e-01  -2.94901488e-01]
 [ -8.94436411e-01  -2.90385964e-03]
 [ -8.91966973e-01   9.28753689e-01]
 [ -8.81815975e-01   6.67053796e-01]
 [ -8.79008217e-01   9.65103424e-01]
 [ -8.67654342e-01  -1.56491134e+00]
 [ -8.66501230e-01   8.92353310e-01]
 [ -8.64819462e-01  -2.90249488e-01]
 [ -8.61263240e-01  -1.24928502e-01]
 [ -8.49458058e-01   1.44407743e+00]
 [ -8.45732441e-01  -7.22666995e-01]
 [ -8.43990650e-01   3.59417565e-02]
 [ -8.38065693e-01   4.45011487e-01]
 [ -8.36366675e-01  -6.12141907e-01]
 [ -8.28414817e-01   1.88508255e-01]
 [ -8.12877379e-01   7.96870621e-01]
 [ -7.98807425e-01  -2.57112070e-01]
 [ -7.98196158e-01  -1.33894076e+00]
 [ -7.97965073e-01   1.58930944e+00]
 [ -7.96361121e-01   2.81138467e-01]
 [ -7.79216163e-01  -1.52594071e+00]
 [ -7.61120887e-01   1.67679399e+00]
 [ -7.59485974e-01   5.03128363e-01]
 [ -7.55640461e-01  -2.52941731e-02]
 [ -7.47861114e-01  -7.77955914e-01]
 [ -7.40422029e-01  -2.92857350e-01]
 [ -7.33139310e-01   8.63280399e-02]
 [ -7.27167458e-01  -3.47499697e-01]
 [ -7.21319696e-01  -1.60194485e+00]
 [ -7.13498244e-01   1.27061111e+00]
 [ -6.86836011e-01   1.18028861e+00]
 [ -6.86623158e-01  -5.17092216e-01]
 [ -6.75327014e-01  -1.34785220e+00]
 [ -6.57717068e-01   1.71661944e+00]
 [ -6.57192664e-01   3.36704923e-01]
 [ -6.56249337e-01   1.50569673e+00]
 [ -6.39814415e-01  -1.71925684e+00]
 [ -6.39458796e-01  -1.08876638e-01]
 [ -6.35651180e-01   4.36735752e-01]
 [ -6.29381878e-01   5.14996483e-01]
 [ -6.22545001e-01  -1.17909231e+00]
 [ -6.16908956e-01   1.40788810e+00]
 [ -6.01455963e-01  -7.32968998e-01]
 [ -5.96915485e-01  -1.49987745e+00]
 [ -5.92510345e-01   1.25957445e+00]
 [ -5.87087707e-01  -1.60591518e+00]
 [ -5.78636059e-01  -1.46490767e+00]
 [ -5.69611765e-01   1.02342036e+00]
 [ -5.60247513e-01  -1.12384882e+00]
 [ -5.59745994e-01   1.16729111e+00]
 [ -5.47455292e-01   1.55388440e+00]
 [ -5.24493949e-01  -5.59264429e-01]
 [ -5.15238516e-01   4.38604341e-01]
 [ -5.13727471e-01  -1.97428123e-01]
 [ -5.08335618e-01   8.85584762e-01]
 [ -4.97135114e-01   7.40272535e-03]
 [ -4.94863739e-01   6.45446878e-01]
 [ -4.94834477e-01   3.92502540e-01]
 [ -4.93631430e-01   9.79850835e-01]
 [ -4.83733219e-01   1.43374818e+00]
 [ -4.83149237e-01   2.06579097e-01]
 [ -4.78878885e-01   7.40629528e-01]
 [ -4.58746203e-01   1.07424493e+00]
 [ -4.31815909e-01  -1.25792622e+00]
 [ -4.28537923e-01   1.10182255e+00]
 [ -4.13194548e-01   1.20029201e+00]
 [ -4.03809329e-01   7.02198307e-01]
 [ -3.96980745e-01  -5.31327342e-01]
 [ -3.91731621e-01   7.02087868e-01]
 [ -3.87182621e-01  -1.00229722e+00]
 [ -3.84685044e-01  -8.48890778e-01]
 [ -3.61441745e-01  -1.46427119e+00]
 [ -3.60711553e-01  -7.02021169e-01]
 [ -3.57881081e-01   1.12300557e+00]
 [ -3.55738970e-01   3.09317541e-01]
 [ -3.46650621e-01   1.77252886e-02]
 [ -3.22402132e-01   2.66062659e-01]
 [ -3.22128385e-01   1.45247527e+00]
 [ -3.09841480e-01   7.30317714e-01]
 [ -3.05382793e-01  -1.13564412e+00]
 [ -3.01511537e-01  -1.09164492e+00]
 [ -2.87951553e-01   4.49751089e-01]
 [ -2.75011325e-01  -3.51453624e-01]
 [ -2.72878448e-01   6.06468364e-01]
 [ -2.66907752e-01   2.29381341e-01]
 [ -2.60907333e-01  -6.20025844e-01]
 [ -2.56327383e-01  -6.34712838e-01]
 [ -2.51821764e-01   7.64860055e-01]
 [ -2.44332187e-01  -4.22485540e-01]
 [ -2.37962014e-01   1.72566092e+00]
 [ -2.33140981e-01  -1.33912140e+00]
 [ -2.30816538e-01   9.97493824e-01]
 [ -2.26932515e-01   3.46420055e-01]
 [ -2.23033445e-01  -3.66383689e-01]
 [ -2.22726676e-01  -1.74890162e-02]
 [ -2.15048139e-01  -1.62663424e+00]
 [ -2.08866922e-01  -9.97998220e-01]
 [ -2.05731954e-01   1.28619516e+00]
 [ -1.98073531e-01   5.52732470e-02]
 [ -1.95308249e-01  -5.59123001e-01]
 [ -1.92297337e-01  -1.12772632e+00]
 [ -1.82506510e-01  -6.91649735e-01]
 [ -1.78314236e-01   1.41606296e+00]
 [ -1.74822107e-01   1.36033298e+00]
 [ -1.69508548e-01  -1.73035281e+00]
 [ -1.61575945e-01   1.56147406e+00]
 [ -1.56422245e-01  -1.64775867e-01]
 [ -1.45046906e-01   1.27072435e+00]
 [ -1.37785012e-01   6.45734608e-01]
 [ -1.12947847e-01  -1.62883933e+00]
 [ -1.10498381e-01  -1.54920792e-02]
 [ -9.16694006e-02  -1.21633221e+00]
 [ -8.56042220e-02   2.79348142e-01]
 [ -8.08856640e-02   5.57680477e-01]
 [ -6.04568558e-02   5.87197898e-01]
 [ -6.01272730e-02   1.44165166e+00]
 [ -5.93726518e-02  -8.16859468e-01]
 [ -5.91761238e-02   1.68710473e+00]
 [ -4.96441841e-02   1.02577343e+00]
 [ -4.72885461e-02  -3.31876287e-01]
 [ -3.81480401e-02  -1.66182964e+00]
 [ -2.62140845e-02  -1.44538563e+00]
 [ -1.67761025e-02  -1.64680053e+00]
 [ -5.29386991e-03   1.02371818e+00]
 [ -5.22585144e-03  -1.71142732e+00]
 [ -2.39332612e-03  -1.74211666e+00]
 [ -2.24339413e-03  -1.44896102e+00]
 [ -3.08495842e-04  -1.13237762e+00]
 [  1.76652490e-02   2.84826285e-01]
 [  1.99580518e-02   1.36893874e+00]
 [  3.22666680e-02  -3.73996582e-01]
 [  3.50759330e-02   9.07237655e-01]
 [  4.24227733e-02  -7.06630909e-01]
 [  5.60642362e-02   5.76436255e-01]
 [  6.67167460e-02  -1.25107290e-01]
 [  7.13914632e-02   1.55442056e+00]
 [  7.55937910e-02  -1.36681295e+00]
 [  8.53900515e-02  -5.43891857e-01]
 [  8.61514076e-02   1.72627768e+00]
 [  1.03694496e-01  -1.57396870e+00]
 [  1.11869128e-01   1.39909612e+00]
 [  1.14110497e-01  -1.67605569e+00]
 [  1.20621761e-01   6.74338919e-01]
 [  1.25529541e-01   5.36008737e-01]
 [  1.31025052e-01  -1.16809576e+00]
 [  1.41302689e-01   1.65561474e+00]
 [  1.59957061e-01   3.22966679e-01]
 [  1.62583926e-01   1.46306628e+00]
 [  1.65892831e-01   1.69811511e+00]
 [  1.70137625e-01  -1.07192324e+00]
 [  1.78856458e-01   3.78151811e-02]
 [  1.85976038e-01  -1.47070812e+00]
 [  2.07513558e-01   3.90684223e-01]
 [  2.11641244e-01  -1.12919415e+00]
 [  2.21603994e-01  -7.46897825e-01]
 [  2.32925111e-01  -7.71251724e-01]
 [  2.35560962e-01  -7.82860462e-01]
 [  2.35563688e-01   1.00142273e+00]
 [  2.44257131e-01   1.48472235e+00]
 [  2.49011541e-01  -1.12329444e+00]
 [  2.61758375e-01  -1.52517258e+00]
 [  2.63817703e-01  -1.60157244e+00]
 [  2.68081140e-01   1.37400030e-01]
 [  2.83587833e-01   9.03741731e-01]
 [  2.92021619e-01  -7.07625585e-01]
 [  2.99310272e-01   1.05833391e+00]
 [  3.12216562e-01  -2.63201951e-01]
 [  3.12282541e-01   1.04119816e-01]
 [  3.19571739e-01  -1.35947444e+00]
 [  3.25074557e-01  -1.01809780e-01]
 [  3.70006932e-01   1.50943955e+00]
 [  3.71864113e-01   5.05033914e-01]
 [  3.77586189e-01  -1.00254922e+00]
 [  3.83898398e-01   1.16604716e+00]
 [  3.84208277e-01  -5.83755461e-01]
 [  3.94708050e-01  -3.88717376e-01]
 [  3.96979926e-01  -1.14536527e+00]
 [  3.97369280e-01  -9.59391870e-01]
 [  4.05168939e-01   1.28681136e+00]
 [  4.05451938e-01  -4.98890190e-01]
 [  4.18501563e-01   8.55065861e-01]
 [  4.18642439e-01  -1.24731056e+00]
 [  4.20532466e-01   6.25992122e-01]
 [  4.33692920e-01   9.36140458e-01]
 [  4.41201448e-01  -1.16030076e+00]
 [  4.42351160e-01   1.17772441e-02]
 [  4.68248533e-01  -1.42571080e+00]
 [  4.71519853e-01  -9.40264491e-02]
 [  4.86452766e-01   8.51546085e-01]
 [  5.01751680e-01  -1.22459113e+00]
 [  5.06829082e-01   1.11294314e+00]
 [  5.22988300e-01   6.32328289e-01]
 [  5.30598460e-01  -1.46047847e+00]
 [  5.36280802e-01  -1.29787217e+00]
 [  5.36305717e-01   1.61186281e+00]
 [  5.37998819e-01  -1.69220452e+00]
 [  5.42955427e-01  -1.53603324e+00]
 [  5.45461763e-01  -1.42719956e+00]
 [  5.48728651e-01   9.08836978e-01]
 [  5.50800196e-01  -9.54162513e-01]
 [  5.53340729e-01   1.53617302e+00]
 [  5.81360384e-01  -1.19042115e+00]
 [  5.82868874e-01   1.29141957e+00]
 [  5.87173918e-01   3.28042171e-01]
 [  5.96991377e-01   1.43429785e+00]
 [  6.05489048e-01   1.27654532e+00]
 [  6.09805507e-01  -8.46700156e-02]
 [  6.12707420e-01  -9.92710291e-01]
 [  6.13167793e-01   1.11159174e+00]
 [  6.15869673e-01  -5.94874862e-01]
 [  6.27720578e-01   1.17650225e+00]
 [  6.31203400e-01  -3.88506127e-01]
 [  6.31579873e-01   3.89402997e-01]
 [  6.42166122e-01  -1.17336802e+00]
 [  6.45019256e-01  -8.29038913e-01]
 [  6.56598636e-01  -8.67901803e-01]
 [  6.57772604e-01  -1.17772222e+00]
 [  6.75040704e-01  -3.02906553e-01]
 [  6.80606591e-01   9.85892894e-01]
 [  6.87308721e-01  -8.33849085e-01]
 [  6.91763279e-01  -1.57344348e+00]
 [  6.92028958e-01  -9.92599666e-01]
 [  6.93680377e-01   4.92324957e-01]
 [  6.94932701e-01   4.15738736e-01]
 [  6.97193855e-01  -1.73087332e+00]
 [  7.07821721e-01  -2.30666931e-01]
 [  7.13799449e-01   1.50537237e+00]
 [  7.15727326e-01  -1.45920593e+00]
 [  7.19418214e-01  -4.93504260e-01]
 [  7.19480861e-01  -5.93054669e-01]
 [  7.22387152e-01  -8.50276423e-01]
 [  7.48133815e-01  -1.41148660e+00]
 [  7.52357307e-01   2.00830696e-01]
 [  7.54675291e-01  -1.60379899e+00]
 [  7.56271948e-01  -1.69294103e+00]
 [  8.00079448e-01  -1.05645858e+00]
 [  8.02551649e-01  -2.33485841e-01]
 [  8.04488378e-01   1.72725411e+00]
 [  8.12979293e-01   1.27704397e+00]
 [  8.15269865e-01   8.51774174e-01]
 [  8.17406422e-01  -1.69072245e+00]
 [  8.25472439e-01  -1.21090221e+00]
 [  8.29008653e-01  -2.71312718e-01]
 [  8.35190604e-01  -1.68644924e-01]
 [  8.37256837e-01  -1.23998610e+00]
 [  8.61080774e-01  -9.21747826e-01]
 [  8.65671991e-01   1.22239675e+00]
 [  8.73621341e-01  -3.62162500e-01]
 [  8.73754639e-01   7.38431553e-01]
 [  8.73849650e-01   1.61488169e+00]
 [  8.74752178e-01   6.88911345e-01]
 [  8.77726788e-01  -1.28092544e+00]
 [  8.92807242e-01   3.01169995e-01]
 [  8.95687986e-01   9.01714493e-01]
 [  8.98647828e-01   4.55764926e-01]
 [  9.05680350e-01   7.73680636e-01]
 [  9.25735699e-01   1.25168201e+00]
 [  9.26170340e-01   1.08326883e+00]
 [  9.28563618e-01   5.55583969e-01]
 [  9.45477557e-01   1.47776746e+00]
 [  9.68909487e-01  -1.33899823e+00]
 [  9.74371155e-01   1.27513923e+00]
 [  9.77043997e-01  -4.62494160e-01]
 [  9.82150220e-01  -3.40076360e-01]
 [  9.87748880e-01  -1.79240752e-01]
 [  9.87851838e-01  -1.37093840e-01]
 [  9.91625803e-01   4.76556057e-01]
 [  9.93789887e-01  -3.37238853e-01]
 [  9.99427809e-01   1.09936738e+00]
 [  9.99509619e-01  -1.03742745e+00]
 [  9.99774091e-01  -1.20754516e+00]
 [  1.00625804e+00  -5.58456287e-01]
 [  1.00666945e+00   7.77326552e-01]
 [  1.01159041e+00  -1.61549816e+00]
 [  1.01815799e+00   1.56177058e+00]
 [  1.03818793e+00   1.11785972e+00]
 [  1.06680722e+00   1.70822672e+00]
 [  1.07288706e+00  -1.45343782e+00]
 [  1.08721186e+00   8.12924251e-01]
 [  1.09476762e+00  -5.50220099e-01]
 [  1.09568733e+00  -3.14497216e-01]
 [  1.10104635e+00  -2.40136811e-02]
 [  1.10389454e+00   1.10890383e+00]
 [  1.11213967e+00   1.32211916e+00]
 [  1.12376293e+00   5.32362984e-01]
 [  1.13366678e+00   7.58323255e-03]
 [  1.13699809e+00   3.69259150e-01]
 [  1.13807303e+00   1.58946979e+00]
 [  1.16494583e+00  -2.77002240e-01]
 [  1.16702446e+00  -5.60557406e-01]
 [  1.16815125e+00  -1.19807321e+00]
 [  1.18282623e+00  -1.26439891e+00]
 [  1.18391961e+00  -1.72649631e-01]
 [  1.18612877e+00  -2.08999049e-01]
 [  1.18677494e+00  -1.58488216e+00]
 [  1.18950311e+00  -4.72972042e-01]
 [  1.19392130e+00  -9.68986707e-01]
 [  1.19569875e+00   4.91691792e-01]
 [  1.20480419e+00  -1.37986799e+00]
 [  1.20722983e+00   7.75711943e-01]
 [  1.20859306e+00  -9.83232105e-01]
 [  1.21409889e+00  -1.28118108e+00]
 [  1.21715554e+00  -7.81131971e-01]
 [  1.23130220e+00   1.55871468e+00]
 [  1.23951711e+00   1.61518992e+00]
 [  1.24388045e+00  -1.65640209e+00]
 [  1.24697967e+00  -1.66791910e+00]
 [  1.26065093e+00   8.01389938e-01]
 [  1.26430628e+00   9.98602798e-01]
 [  1.27345618e+00   8.52579135e-01]
 [  1.27707732e+00   1.19655662e+00]
 [  1.28048985e+00   1.32554441e+00]
 [  1.28228551e+00  -1.00958000e+00]
 [  1.28635627e+00  -2.36385417e-01]
 [  1.29012606e+00   2.70115536e-01]
 [  1.29484899e+00  -1.48965838e+00]
 [  1.29500739e+00  -1.29288108e+00]
 [  1.30420368e+00  -7.31787015e-01]
 [  1.30710390e+00   7.86139864e-01]
 [  1.31132656e+00   6.60281414e-01]
 [  1.31236186e+00  -1.03749282e+00]
 [  1.32712996e+00  -1.07595008e-01]
 [  1.33435603e+00   8.09256598e-01]
 [  1.35725851e+00   1.43523014e+00]
 [  1.35964746e+00  -1.27546770e+00]
 [  1.36048558e+00   1.36833697e+00]
 [  1.36083257e+00  -1.62248241e+00]
 [  1.37302902e+00   5.35901475e-01]
 [  1.37811737e+00  -2.90230179e-01]
 [  1.38206822e+00   3.77633914e-01]
 [  1.38364506e+00   9.70928621e-01]
 [  1.38849838e+00   9.61986350e-02]
 [  1.39658095e+00  -4.81570880e-02]
 [  1.41726229e+00  -1.14784332e+00]
 [  1.43094741e+00  -3.94455221e-01]
 [  1.43992201e+00  -4.35845875e-01]
 [  1.44341390e+00  -8.93241799e-01]
 [  1.47091052e+00   1.21186207e+00]
 [  1.47378004e+00   8.23159265e-01]
 [  1.47484427e+00  -1.64466579e+00]
 [  1.47990265e+00  -2.27418742e-01]
 [  1.49246259e+00   1.41253789e-01]
 [  1.49911483e+00   1.41404808e+00]
 [  1.50338539e+00  -1.33714673e+00]
 [  1.50406519e+00  -9.39943523e-01]
 [  1.50651492e+00   4.95661573e-01]
 [  1.50881818e+00   3.80134599e-01]
 [  1.51342292e+00  -1.27982526e+00]
 [  1.52146629e+00   8.59941500e-01]
 [  1.53073164e+00  -3.64717810e-01]
 [  1.54398294e+00  -1.90513550e-01]
 [  1.54756214e+00  -1.72511591e+00]
 [  1.55271126e+00   1.29348187e-01]
 [  1.55378649e+00  -6.51135622e-01]
 [  1.57405566e+00  -3.46132787e-01]
 [  1.58379488e+00   2.89534909e-01]
 [  1.58718197e+00  -1.49332617e-01]
 [  1.59717702e+00  -1.66550554e+00]
 [  1.60333482e+00   1.44041183e+00]
 [  1.61050727e+00   9.72527070e-01]
 [  1.61074419e+00   9.23278374e-01]
 [  1.61296307e+00  -8.80612085e-01]
 [  1.61947406e+00  -1.42369535e+00]
 [  1.62293358e+00   7.25808100e-01]
 [  1.62512729e+00   4.37737171e-02]
 [  1.63171624e+00   1.49235290e+00]
 [  1.64422968e+00   1.61369200e+00]
 [  1.64449083e+00  -1.73025524e+00]
 [  1.64466129e+00   1.46295565e+00]
 [  1.64795924e+00   9.13354488e-01]
 [  1.64927893e+00   1.22691673e+00]
 [  1.65119793e+00   1.03108642e+00]
 [  1.65167604e+00  -2.43861740e-02]
 [  1.65960276e+00  -1.16916716e+00]
 [  1.66061875e+00  -1.15670073e-01]
 [  1.66223666e+00   1.51717772e+00]
 [  1.66456836e+00  -1.21503250e+00]
 [  1.66980481e+00  -2.95745289e-01]
 [  1.69716730e+00   1.17998333e+00]
 [  1.70378399e+00  -2.21735826e-01]
 [  1.71444918e+00  -1.74679108e+00]
 [  1.71731601e+00  -1.17697681e+00]
 [  1.72451200e+00  -1.57413487e+00]
 [  1.73674765e+00   4.93818258e-01]
 [  1.74457190e+00  -7.48816018e-01]
 [  1.74709397e+00   1.69818190e+00]
 [  1.74751522e+00   7.90823395e-02]
 [  1.50000000e+00   1.50000000e+00]
 [  9.25000000e-01   4.85000000e-01]]
---Predicted Probabilities---
[[ 0.12317374  0.63835024  0.11990862  0.11856741]
 [ 0.1320707   0.61642792  0.12665384  0.12484753]
 [ 0.15689853  0.54087327  0.152042    0.1501862 ]
 [ 0.15899682  0.5346352   0.15413499  0.15223299]
 [ 0.17131423  0.51652564  0.15698396  0.15517617]
 [ 0.13036088  0.62101028  0.1250229   0.12360594]
 [ 0.10628316  0.69123626  0.10197988  0.1005007 ]
 [ 0.09028576  0.73923007  0.08597493  0.08450924]
 [ 0.06229145  0.81923508  0.05964887  0.0588246 ]
 [ 0.14207028  0.58791523  0.13609179  0.13392271]
 [ 0.080354    0.76778931  0.07656651  0.07529018]
 [ 0.12114889  0.64818857  0.11603871  0.11462383]
 [ 0.07434178  0.78908573  0.06916304  0.06740944]
 [ 0.16242733  0.55576495  0.14188142  0.1399263 ]
 [ 0.1162714   0.66384563  0.11079796  0.10908501]
 [ 0.08147258  0.76236377  0.07855963  0.07760402]
 [ 0.1242603   0.64249124  0.11765319  0.11559527]
 [ 0.08488355  0.75159685  0.08219681  0.0813228 ]
 [ 0.11441725  0.66883095  0.10926639  0.1074854 ]
 [ 0.14032642  0.6092395   0.12659884  0.12383524]
 [ 0.09821811  0.71747577  0.09310599  0.09120013]
 [ 0.10166206  0.70647373  0.09677321  0.095091  ]
 [ 0.15110888  0.58932092  0.13130525  0.12826495]
 [ 0.14147978  0.62926569  0.11598546  0.11326907]
 [ 0.10179958  0.70558151  0.09713765  0.09548126]
 [ 0.60710097  0.16620101  0.11380104  0.11289697]
 [ 0.14691818  0.57998326  0.13815512  0.13494344]
 [ 0.11175457  0.67848825  0.1058964   0.10386078]
 [ 0.12887547  0.63666104  0.11897181  0.11549168]
 [ 0.15270003  0.61381956  0.1186031   0.11487731]
 [ 0.19520386  0.5423625   0.13343709  0.12899656]
 [ 0.12643479  0.66689125  0.1047924   0.10188156]
 [ 0.08523217  0.75632741  0.08004644  0.07839398]
 [ 0.21417769  0.50972749  0.14323635  0.13285847]
 [ 0.10176996  0.71737746  0.09199372  0.08885886]
 [ 0.10065631  0.71179955  0.09463351  0.09291063]
 [ 0.12936753  0.63155825  0.12089642  0.11817779]
 [ 0.1131286   0.68322808  0.103444    0.10019931]
 [ 0.13403172  0.61946092  0.12471263  0.12179474]
 [ 0.21588341  0.53392348  0.12694195  0.12325115]
 [ 0.11710482  0.66811131  0.10883717  0.1059467 ]
 [ 0.74691217  0.09282877  0.08104608  0.07921298]
 [ 0.12917807  0.6270473   0.12296738  0.12080725]
 [ 0.1043295   0.70731502  0.09559173  0.09276376]
 [ 0.09724182  0.72463376  0.0901593   0.08796511]
 [ 0.18458283  0.59299333  0.11272762  0.10969622]
 [ 0.14087956  0.59915493  0.13152537  0.12844014]
 [ 0.75884702  0.08543483  0.08524952  0.07046863]
 [ 0.12939346  0.62425829  0.12410613  0.12224212]
 [ 0.13292783  0.61739861  0.12615177  0.12352179]
 [ 0.1222596   0.645437    0.11715765  0.11514575]
 [ 0.14449839  0.58210288  0.13785222  0.13554652]
 [ 0.1092035   0.68457265  0.10418911  0.10203475]
 [ 0.1430144   0.58654469  0.13637171  0.13406919]
 [ 0.13410104  0.61149836  0.12832664  0.12607396]
 [ 0.16493488  0.5797487   0.12947252  0.1258439 ]
 [ 0.15355406  0.58233876  0.13362171  0.13048547]
 [ 0.18513872  0.56148205  0.12867458  0.12470465]
 [ 0.12626571  0.62995567  0.12256417  0.12121445]
 [ 0.1157629   0.69346754  0.09648853  0.09428103]
 [ 0.64699058  0.11936676  0.13221582  0.10142684]
 [ 0.12620153  0.67679396  0.09972838  0.09727612]
 [ 0.68971495  0.088075    0.14174045  0.0804696 ]
 [ 0.16656567  0.56730164  0.13463091  0.13150178]
 [ 0.713243    0.11221953  0.08844901  0.08608847]
 [ 0.12460727  0.63305783  0.12168429  0.12065061]
 [ 0.11763447  0.65802002  0.11300677  0.11133874]
 [ 0.1218559   0.64537624  0.11721434  0.11555353]
 [ 0.12202476  0.64154805  0.11885302  0.11757418]
 [ 0.52127187  0.20998695  0.13612303  0.13261815]
 [ 0.12253022  0.64022802  0.1191661   0.11807565]
 [ 0.69152878  0.09597744  0.12226908  0.09022471]
 [ 0.72693967  0.08753474  0.10417662  0.08134897]
 [ 0.67697107  0.12696299  0.09939662  0.09666932]
 [ 0.6895483   0.11986625  0.09664146  0.09394399]
 [ 0.54559646  0.19856032  0.12956588  0.12627734]
 [ 0.70481884  0.10109773  0.0992178   0.09486564]
 [ 0.15125551  0.5604142   0.14524097  0.14308932]
 [ 0.12528342  0.64565146  0.11607776  0.11298736]
 [ 0.7042983   0.10770362  0.09487659  0.09312149]
 [ 0.16148465  0.5966348   0.12228961  0.11959094]
 [ 0.61964233  0.15982255  0.11181012  0.108725  ]
 [ 0.13330845  0.60997779  0.1290903   0.12762346]
 [ 0.64163501  0.12305221  0.12045992  0.11485286]
 [ 0.71999327  0.09281711  0.10032366  0.08686596]
 [ 0.68596726  0.12017777  0.09835994  0.09549503]
 [ 0.09617926  0.7234553   0.09101354  0.0893519 ]
 [ 0.13336942  0.61391665  0.12737425  0.12533968]
 [ 0.12170466  0.64242433  0.1185278   0.11734322]
 [ 0.14919741  0.57080694  0.14162835  0.1383673 ]
 [ 0.08359269  0.76049875  0.0787311   0.07717745]
 [ 0.13515363  0.63078472  0.11839252  0.11566914]
 [ 0.14817089  0.56795674  0.14288214  0.14099024]
 [ 0.68991695  0.10726613  0.10233147  0.10048544]
 [ 0.63746119  0.12602739  0.12006553  0.11644589]
 [ 0.68530643  0.10890243  0.10379394  0.1019972 ]
 [ 0.07298757  0.78931496  0.0694381   0.06825938]
 [ 0.09832096  0.71741544  0.09301945  0.09124415]
 [ 0.13834543  0.59700869  0.13324922  0.13139666]
 [ 0.12405382  0.63827321  0.11965298  0.11801999]
 [ 0.64389806  0.1216423   0.12229671  0.11216293]
 [ 0.58022158  0.14370983  0.14255621  0.13351238]
 [ 0.12720572  0.63107401  0.12182005  0.11990022]
 [ 0.0850052   0.75645099  0.08008998  0.07845382]
 [ 0.59195086  0.13294352  0.15281991  0.12228571]
 [ 0.13471352  0.61051098  0.12847133  0.12630418]
 [ 0.63511281  0.12594153  0.12162105  0.11732461]
 [ 0.73432376  0.09168877  0.08842485  0.08556262]
 [ 0.17308232  0.53063364  0.14962117  0.14666287]
 [ 0.10560432  0.70230712  0.09726658  0.09482199]
 [ 0.60062626  0.13651836  0.13604292  0.12681246]
 [ 0.60447788  0.13565992  0.1335969   0.1262653 ]
 [ 0.58157214  0.14229846  0.14372185  0.13240754]
 [ 0.49547029  0.15073628  0.21368739  0.14010604]
 [ 0.52938448  0.15103917  0.17925287  0.14032348]
 [ 0.26583849  0.50266579  0.11751611  0.11397961]
 [ 0.7367576   0.09053148  0.08770736  0.08500356]
 [ 0.20379345  0.5862671   0.10639833  0.10354112]
 [ 0.12034703  0.65552602  0.11322705  0.11089991]
 [ 0.5883151   0.19948903  0.10775077  0.10444509]
 [ 0.21504459  0.14864207  0.4971172   0.13919614]
 [ 0.21129582  0.14351204  0.50992891  0.13526323]
 [ 0.06710227  0.81583893  0.05969278  0.05736602]
 [ 0.67175946  0.11210573  0.10906916  0.10706566]
 [ 0.60420713  0.13163351  0.14156085  0.12259851]
 [ 0.73648454  0.09097044  0.08733281  0.08521221]
 [ 0.6194623   0.13118361  0.12620219  0.1231519 ]
 [ 0.69054831  0.10671273  0.10304087  0.09969809]
 [ 0.72118198  0.10198058  0.08956762  0.08726982]
 [ 0.50118391  0.14172193  0.22289277  0.1342014 ]
 [ 0.12434139  0.64489829  0.11674206  0.11401826]
 [ 0.08933883  0.75471358  0.07950907  0.07643852]
 [ 0.73978804  0.08984548  0.08618146  0.08418502]
 [ 0.09590517  0.72527062  0.09030606  0.08851815]
 [ 0.10935843  0.68776365  0.10260534  0.10027258]
 [ 0.68882165  0.10880238  0.1028126   0.09956336]
 [ 0.65365017  0.11333934  0.12722588  0.10578461]
 [ 0.70508195  0.10282328  0.09680894  0.09528583]
 [ 0.56640516  0.13255523  0.17672153  0.12431808]
 [ 0.73414936  0.09029372  0.08950939  0.08604753]
 [ 0.60923468  0.12492623  0.14810487  0.11773422]
 [ 0.08920186  0.74171347  0.08518245  0.08390222]
 [ 0.06063004  0.82897505  0.05604241  0.0543525 ]
 [ 0.07857066  0.77979215  0.07187609  0.06976111]
 [ 0.64928488  0.12084248  0.11629815  0.11357449]
 [ 0.12191643  0.65306043  0.1139296   0.11109354]
 [ 0.11738458  0.65964603  0.11236964  0.11059975]
 [ 0.71121779  0.10033155  0.09533353  0.09311713]
 [ 0.06286024  0.82609603  0.05651282  0.05453091]
 [ 0.13092366  0.62239749  0.12443972  0.12223912]
 [ 0.66574312  0.11136247  0.11826725  0.10462716]
 [ 0.67567023  0.11317046  0.10685722  0.10430209]
 [ 0.66554548  0.1159415   0.11045627  0.10805675]
 [ 0.12011084  0.65580512  0.11337487  0.11070916]
 [ 0.06058348  0.83307404  0.05416689  0.05217559]
 [ 0.68669546  0.10974561  0.10306941  0.10048952]
 [ 0.08858077  0.74635248  0.08338494  0.08168181]
 [ 0.07995448  0.77868904  0.07195506  0.06940141]
 [ 0.09962571  0.71574222  0.09336158  0.09127049]
 [ 0.09513191  0.72773985  0.08951144  0.0876168 ]
 [ 0.15955387  0.57054383  0.13681187  0.13309043]
 [ 0.10622727  0.69305558  0.10126754  0.09944961]
 [ 0.10706524  0.70211193  0.09697644  0.09384639]
 [ 0.08297501  0.76854078  0.07547145  0.07301276]
 [ 0.69026445  0.10603111  0.10372487  0.09997958]
 [ 0.68112204  0.10939555  0.10663701  0.1028454 ]
 [ 0.60582329  0.13039834  0.1406306   0.12314776]
 [ 0.52090198  0.17446423  0.15378178  0.15085201]
 [ 0.59163011  0.13800214  0.13926241  0.13110535]
 [ 0.62285604  0.12942     0.12594084  0.12178312]
 [ 0.67076727  0.11221515  0.11152452  0.10549305]
 [ 0.16311785  0.55201092  0.14393551  0.14093572]
 [ 0.08442283  0.76571104  0.07630695  0.07355919]
 [ 0.56981309  0.14534771  0.14845423  0.13638497]
 [ 0.59163451  0.14056622  0.13542082  0.13237846]
 [ 0.12501686  0.64290476  0.11713038  0.11494799]
 [ 0.14246516  0.59400481  0.13348009  0.13004994]
 [ 0.11458283  0.66831356  0.1093786   0.10772501]
 [ 0.10831198  0.68840417  0.10269737  0.10058648]
 [ 0.63563236  0.12472257  0.1228545   0.11679057]
 [ 0.63981958  0.11978681  0.12901465  0.11137897]
 [ 0.64224805  0.12230629  0.12103437  0.11441129]
 [ 0.14631737  0.61918041  0.11857451  0.1159277 ]
 [ 0.59364183  0.15400576  0.12752868  0.12482373]
 [ 0.10240527  0.70910819  0.09542524  0.09306129]
 [ 0.6562612   0.11882785  0.11375066  0.11116028]
 [ 0.11259139  0.67071276  0.10897752  0.10771832]
 [ 0.52928272  0.14225371  0.1951932   0.13327037]
 [ 0.16535446  0.14931138  0.54383187  0.1415023 ]
 [ 0.18253445  0.14101344  0.54369449  0.13275762]
 [ 0.08393422  0.76543527  0.07655933  0.07407118]
 [ 0.69101204  0.1055459   0.10521472  0.09822734]
 [ 0.1121139   0.67771114  0.10610021  0.10407476]
 [ 0.11184151  0.68017417  0.10492011  0.1030642 ]
 [ 0.5602887   0.12029753  0.20590322  0.11351055]
 [ 0.15831546  0.12780956  0.59379889  0.12007609]
 [ 0.65004655  0.10828634  0.14142116  0.10024595]
 [ 0.13646543  0.12130408  0.62662679  0.11560369]
 [ 0.67563595  0.11092607  0.10910978  0.1043282 ]
 [ 0.67164212  0.11280704  0.10960469  0.10594616]
 [ 0.71671755  0.09783492  0.09486428  0.09058325]
 [ 0.50780897  0.14113584  0.21923691  0.13181828]
 [ 0.08093448  0.76799552  0.07626671  0.0748033 ]
 [ 0.12487529  0.6483885   0.1150605   0.11167571]
 [ 0.18164488  0.52793594  0.14661673  0.14380245]
 [ 0.17097421  0.12394677  0.58963183  0.11544719]
 [ 0.17142553  0.12954844  0.57890955  0.12011649]
 [ 0.11498305  0.11098966  0.66957076  0.10445653]
 [ 0.09611274  0.7246454   0.0905194   0.08872246]
 [ 0.1473621   0.59953678  0.12796801  0.12513312]
 [ 0.13095465  0.63203448  0.12031181  0.11669906]
 [ 0.11608613  0.1127398   0.6656827   0.10549138]
 [ 0.69720019  0.09948185  0.10790255  0.0954154 ]
 [ 0.10260495  0.7030763   0.0978828   0.09643595]
 [ 0.65885696  0.11835824  0.1122294   0.1105554 ]
 [ 0.08583842  0.75883176  0.07880423  0.07652559]
 [ 0.10574523  0.70346796  0.09684874  0.09393807]
 [ 0.1353761   0.60994051  0.12850981  0.12617359]
 [ 0.06502959  0.8186721   0.05908165  0.05721666]
 [ 0.08140262  0.07947639  0.76410187  0.07501912]
 [ 0.12741617  0.63876587  0.11844613  0.11537183]
 [ 0.67848474  0.10298401  0.12170394  0.09682732]
 [ 0.11318869  0.67870297  0.10533404  0.1027743 ]
 [ 0.0982717   0.09505047  0.71892508  0.08775275]
 [ 0.10174459  0.70690243  0.09653509  0.09481789]
 [ 0.10855874  0.10363144  0.69172819  0.09608163]
 [ 0.54257308  0.14061671  0.18577699  0.13103322]
 [ 0.56633269  0.13780038  0.16709294  0.12877399]
 [ 0.09056218  0.74309685  0.0844083   0.08193267]
 [ 0.69201855  0.10710894  0.10128769  0.09958481]
 [ 0.10747751  0.69536888  0.0998522   0.09730141]
 [ 0.19209949  0.50847218  0.15157346  0.14785487]
 [ 0.10804236  0.09510532  0.71094785  0.08590447]
 [ 0.12379547  0.64542721  0.1165969   0.11418042]
 [ 0.10836062  0.69466325  0.09988516  0.09709097]
 [ 0.1174584   0.66258755  0.11105513  0.10889892]
 [ 0.1954989   0.5146546   0.14683215  0.14301435]
 [ 0.1382882   0.6013959   0.13135314  0.12896277]
 [ 0.14673432  0.57528652  0.14015089  0.13782826]
 [ 0.10795165  0.6948439   0.09993653  0.09726792]
 [ 0.13157262  0.63706352  0.11696545  0.11439842]
 [ 0.09926668  0.09597979  0.71590687  0.08884666]
 [ 0.10946173  0.68727924  0.10302003  0.100239  ]
 [ 0.10122282  0.09025153  0.72512892  0.08339673]
 [ 0.61315225  0.14191223  0.12369109  0.12124444]
 [ 0.72529781  0.09457336  0.09241856  0.08771028]
 [ 0.18532133  0.16027918  0.50167337  0.15272612]
 [ 0.07640383  0.07308856  0.78458644  0.06592117]
 [ 0.12224397  0.6499582   0.11435438  0.11344345]
 [ 0.12451632  0.64904649  0.11486974  0.11156746]
 [ 0.55656423  0.13526006  0.18488309  0.12329261]
 [ 0.1500405   0.55700632  0.14212     0.15083318]
 [ 0.10154293  0.70535735  0.0973115   0.09578821]
 [ 0.13113867  0.62683089  0.12263972  0.11939072]
 [ 0.12197709  0.64802029  0.11597901  0.11402362]
 [ 0.53643612  0.15519494  0.15860051  0.14976842]
 [ 0.15825578  0.15010525  0.54699412  0.14464484]
 [ 0.13456044  0.61976664  0.12381411  0.12185881]
 [ 0.13890282  0.57377747  0.131972    0.1553477 ]
 [ 0.09912139  0.0936383   0.71850413  0.08873618]
 [ 0.13403597  0.60937974  0.12721023  0.12937406]
 [ 0.14960034  0.52627188  0.1420712   0.18205658]
 [ 0.18308517  0.52367672  0.14807287  0.14516524]
 [ 0.09474934  0.0924228   0.7279814   0.08484646]
 [ 0.12076059  0.65834656  0.11196427  0.10892857]
 [ 0.13658261  0.1216723   0.62669122  0.11505387]
 [ 0.16937271  0.54703353  0.14322173  0.14037203]
 [ 0.71980978  0.09736986  0.09232193  0.09049842]
 [ 0.6987449   0.10487835  0.09918444  0.09719231]
 [ 0.68872057  0.10841034  0.10249961  0.10036948]
 [ 0.14609498  0.63956842  0.10825713  0.10607947]
 [ 0.14379474  0.56122393  0.13762064  0.15736069]
 [ 0.18877706  0.51384293  0.15033276  0.14704725]
 [ 0.12381978  0.64855658  0.11529216  0.11233148]
 [ 0.12697476  0.63734316  0.11916689  0.1165152 ]
 [ 0.09536802  0.09218621  0.72747322  0.08497255]
 [ 0.19964444  0.51343891  0.14536109  0.14155556]
 [ 0.72929934  0.09344561  0.08934193  0.08791312]
 [ 0.10883446  0.69706709  0.09787396  0.09622449]
 [ 0.08870041  0.08395242  0.74931738  0.07802979]
 [ 0.10385684  0.09963783  0.70638777  0.09011756]
 [ 0.11374039  0.6805146   0.10375083  0.10199418]
 [ 0.07967299  0.07890219  0.77000645  0.07141837]
 [ 0.14720882  0.16371086  0.1400238   0.54905652]
 [ 0.57923337  0.14045055  0.14559989  0.13471619]
 [ 0.62040381  0.13092479  0.12581992  0.12285148]
 [ 0.13493854  0.60659998  0.1295281   0.12893337]
 [ 0.70813287  0.09979643  0.09823827  0.09383243]
 [ 0.19922011  0.1490294   0.51391839  0.13783211]
 [ 0.63161762  0.14063785  0.11514398  0.11260055]
 [ 0.62310009  0.12945563  0.12529778  0.12214651]
 [ 0.15922566  0.52717125  0.1542026   0.15940049]
 [ 0.63993638  0.11995342  0.12772706  0.11238314]
 [ 0.54984703  0.18786041  0.13303048  0.12926208]
 [ 0.2267349   0.50817892  0.13446909  0.13061709]
 [ 0.6367903   0.12359918  0.12110786  0.11850266]
 [ 0.19006526  0.53991908  0.13682467  0.13319099]
 [ 0.65308534  0.13664444  0.10632641  0.10394381]
 [ 0.13317338  0.09372345  0.68908082  0.08402235]
 [ 0.11478304  0.67702294  0.10536235  0.10283167]
 [ 0.14535332  0.08901864  0.68395161  0.08167643]
 [ 0.55406861  0.2084162   0.1200852   0.11742999]
 [ 0.54606387  0.21040374  0.12384063  0.11969175]
 [ 0.15434515  0.54733581  0.14765531  0.15066373]
 [ 0.69844847  0.10911511  0.09724935  0.09518707]
 [ 0.11682313  0.66922685  0.10843133  0.10551869]
 [ 0.16904002  0.59907337  0.11821076  0.11367585]
 [ 0.11766737  0.11481248  0.11118813  0.65633202]
 [ 0.15338309  0.55351204  0.147623    0.14548187]
 [ 0.12471248  0.64194438  0.11795953  0.11538361]
 [ 0.11564405  0.67681219  0.10537551  0.10216826]
 [ 0.20270183  0.5511072   0.1230661   0.12312487]
 [ 0.7134788   0.09886161  0.09518026  0.09247933]
 [ 0.1319103   0.12892935  0.1244254   0.61473495]
 [ 0.54225606  0.2249522   0.1185143   0.11427745]
 [ 0.14333072  0.14367905  0.13970113  0.5732891 ]
 [ 0.71292323  0.09771556  0.09777427  0.09158693]
 [ 0.13176779  0.12965904  0.12635246  0.61222071]
 [ 0.14065941  0.14100385  0.13700008  0.58133665]
 [ 0.65121002  0.0909698   0.17296492  0.08485527]
 [ 0.72908157  0.09690311  0.08843033  0.08558499]
 [ 0.15942684  0.51820309  0.15384442  0.16852565]
 [ 0.72178188  0.09501462  0.09225446  0.09094904]
 [ 0.15538967  0.16247611  0.15043671  0.53169751]
 [ 0.61128678  0.13267024  0.13215309  0.1238899 ]
 [ 0.69420607  0.10500259  0.1020331   0.09875824]
 [ 0.51455463  0.25112487  0.11943931  0.1148812 ]
 [ 0.6865116   0.10888282  0.10385008  0.1007555 ]
 [ 0.70221035  0.10331158  0.09871292  0.09576515]
 [ 0.26585746  0.49692375  0.12092521  0.11629359]
 [ 0.62083545  0.12755059  0.13196499  0.11964898]
 [ 0.15380565  0.54402951  0.14059727  0.16156757]
 [ 0.68888378  0.10802544  0.10308168  0.1000091 ]
 [ 0.10195203  0.70742034  0.09634482  0.09428282]
 [ 0.73520301  0.09615186  0.08570505  0.08294008]
 [ 0.66894012  0.11824796  0.10884972  0.10396219]
 [ 0.67698965  0.11067439  0.11087488  0.10146108]
 [ 0.13457149  0.60886522  0.12921231  0.12735098]
 [ 0.63040279  0.12392682  0.13012416  0.11554623]
 [ 0.11206746  0.1097951   0.10666939  0.67146805]
 [ 0.08774281  0.75637646  0.07903115  0.07684958]
 [ 0.65094494  0.11731555  0.12105416  0.11068535]
 [ 0.68018222  0.10835375  0.10798177  0.10348226]
 [ 0.6997476   0.10397091  0.0995658   0.09671569]
 [ 0.094141    0.75468768  0.07671438  0.07445694]
 [ 0.64436711  0.11008684  0.14509819  0.10044786]
 [ 0.09833997  0.71817883  0.09273592  0.09074528]
 [ 0.1128423   0.67257743  0.10811424  0.10646604]
 [ 0.71291654  0.10956395  0.09011246  0.08740705]
 [ 0.55366138  0.14076461  0.17328795  0.13228606]
 [ 0.14355432  0.14206065  0.13980414  0.57458089]
 [ 0.10311459  0.10093785  0.09776542  0.69818215]
 [ 0.17013966  0.47234698  0.14366939  0.21384398]
 [ 0.10385993  0.6973226   0.10007989  0.09873757]
 [ 0.51837566  0.25255586  0.1162795   0.11278898]
 [ 0.51858701  0.14313621  0.2022563   0.13602047]
 [ 0.52257964  0.15168577  0.18463734  0.14109725]
 [ 0.25035581  0.52570252  0.1135129   0.11042877]
 [ 0.73266015  0.09195991  0.08876806  0.08661188]
 [ 0.10655562  0.10395316  0.10032717  0.68916404]
 [ 0.19038201  0.13055462  0.55360146  0.12546191]
 [ 0.16888496  0.55417588  0.12327344  0.15366573]
 [ 0.12660591  0.1242939   0.12085303  0.62824715]
 [ 0.17373288  0.58237999  0.11555225  0.12833488]
 [ 0.2102277   0.57256582  0.10989835  0.10730813]
 [ 0.14703104  0.11740752  0.63525683  0.10030461]
 [ 0.13217611  0.15050807  0.12439384  0.59292198]
 [ 0.20905101  0.43466855  0.23918681  0.11709363]
 [ 0.15568974  0.53446051  0.12913439  0.18071537]
 [ 0.09186623  0.08998167  0.08738877  0.73076333]
 [ 0.1175924   0.11399212  0.10972533  0.65869015]
 [ 0.14593965  0.62114633  0.1353772   0.09753682]
 [ 0.10798076  0.10425228  0.09905148  0.68871548]
 [ 0.15228452  0.61747357  0.11653105  0.11371086]
 [ 0.08745531  0.08567543  0.0830956   0.74377366]
 [ 0.13318268  0.12121063  0.62917863  0.11642805]
 [ 0.1244358   0.1130921   0.65309617  0.10937594]
 [ 0.14336943  0.13546975  0.59419963  0.12696119]
 [ 0.14009676  0.13262416  0.60333452  0.12394457]
 [ 0.12801159  0.52357939  0.24245315  0.10595587]
 [ 0.1234733   0.11361501  0.65317914  0.10973255]
 [ 0.10307813  0.09915105  0.09484109  0.70292973]
 [ 0.58053639  0.16243586  0.13075555  0.1262722 ]
 [ 0.19541538  0.53071098  0.13912839  0.13474525]
 [ 0.1669139   0.14645383  0.54756416  0.13906811]
 [ 0.14633208  0.51527765  0.13336515  0.20502512]
 [ 0.13976638  0.59530309  0.13361584  0.13131469]
 [ 0.10485421  0.10163796  0.09698901  0.69651883]
 [ 0.09455196  0.09094227  0.08671554  0.72779023]
 [ 0.10527115  0.10207568  0.09764384  0.69500932]
 [ 0.14449578  0.58562971  0.13636585  0.13350866]
 [ 0.12512723  0.14621064  0.11463118  0.61403095]
 [ 0.1798316   0.15044821  0.52679273  0.14292746]
 [ 0.15634324  0.13543866  0.57970055  0.12851755]
 [ 0.12357032  0.09260583  0.69420865  0.0896152 ]
 [ 0.08193013  0.07866299  0.07465682  0.76475005]
 [ 0.09941536  0.09550214  0.0900766   0.7150059 ]
 [ 0.13211532  0.54048802  0.17422376  0.1531729 ]
 [ 0.13852574  0.0893456   0.68624185  0.08588681]
 [ 0.13889925  0.50320817  0.23316596  0.12472661]
 [ 0.06862805  0.06638961  0.06339411  0.80158824]
 [ 0.51442319  0.15164867  0.19070711  0.14322103]
 [ 0.52700134  0.15293879  0.1776066   0.14245328]
 [ 0.10068302  0.71799223  0.09188671  0.08943804]
 [ 0.09999879  0.71677681  0.09274236  0.09048205]
 [ 0.51658363  0.14938047  0.19373732  0.14029859]
 [ 0.5290467   0.14909901  0.18156839  0.1402859 ]
 [ 0.16002323  0.53110598  0.15536871  0.15350208]
 [ 0.53709116  0.14383795  0.18238651  0.13668438]
 [ 0.18063452  0.59099052  0.11629317  0.1120818 ]
 [ 0.13752176  0.54450078  0.16209195  0.1558855 ]
 [ 0.11555169  0.66654409  0.10997129  0.10793293]
 [ 0.10565803  0.10797842  0.09755746  0.68880609]
 [ 0.15551608  0.63353017  0.10739138  0.10356238]
